  2      0.00743211      0.00743211      0.00496121      0.00496121
  3      0.01241934      0.01241934      0.00498723      0.00498723
  4      0.01743277      0.01743277      0.00501342      0.00501342
  5      0.02247256      0.02247256      0.00503979      0.00503979
  6      0.02753890      0.02753890      0.00506634      0.00506634
  7      0.03263198      0.03263198      0.00509308      0.00509308
  8      0.03775197      0.03775197      0.00511999      0.00511999
  9      0.04289906      0.04289906      0.00514709      0.00514709
 10      0.04807344      0.04807344      0.00517438      0.00517438
 11      0.05327529      0.05327529      0.00520185      0.00520185
 12      0.05850481      0.05850481      0.00522952      0.00522952
 13      0.06376220      0.06376220      0.00525739      0.00525739
 14      0.06904765      0.06904765      0.00528545      0.00528545
 15      0.07436135      0.07436135      0.00531370      0.00531370
 16      0.07970351      0.07970351      0.00534216      0.00534216
 17      0.08507434      0.08507434      0.00537082      0.00537082
 18      0.09047403      0.09047403      0.00539969      0.00539969
 19      0.09590280      0.09590280      0.00542877      0.00542877
 20      0.10136085      0.10136085      0.00545805      0.00545805
 21      0.10684840      0.10684840      0.00548755      0.00548755
 22      0.11236567      0.11236567      0.00551727      0.00551727
 23      0.11791287      0.11791287      0.00554720      0.00554720
 24      0.12349023      0.12349023      0.00557736      0.00557736
 25      0.12909796      0.12909796      0.00560773      0.00560773
 26      0.13473630      0.13473630      0.00563834      0.00563834
 27      0.14040547      0.14040547      0.00566917      0.00566917
 28      0.14610571      0.14610571      0.00570024      0.00570024
 29      0.15183725      0.15183725      0.00573154      0.00573154
 30      0.15760032      0.15760032      0.00576308      0.00576308
 31      0.16339518      0.16339518      0.00579485      0.00579485
 32      0.16922205      0.16922205      0.00582688      0.00582688
 33      0.17508120      0.17508120      0.00585915      0.00585915
 34      0.18097287      0.18097287      0.00589167      0.00589167
 35      0.18689731      0.18689731      0.00592444      0.00592444
 36      0.19285479      0.19285479      0.00595747      0.00595747
 37      0.19884555      0.19884555      0.00599077      0.00599077
 38      0.20486987      0.20486987      0.00602432      0.00602432
 39      0.21092802      0.21092802      0.00605814      0.00605814
 40      0.21702025      0.21702025      0.00609223      0.00609223
 41      0.22314685      0.22314685      0.00612660      0.00612660
 42      0.22930809      0.22930809      0.00616124      0.00616124
 43      0.23550426      0.23550426      0.00619617      0.00619617
 44      0.24173564      0.24173564      0.00623138      0.00623138
 45      0.24800251      0.24800251      0.00626688      0.00626688
 46      0.25430518      0.25430518      0.00630267      0.00630267
 47      0.26064394      0.26064394      0.00633876      0.00633876
 48      0.26701909      0.26701909      0.00637515      0.00637515
 49      0.27343094      0.27343094      0.00641185      0.00641185
 50      0.27987979      0.27987979      0.00644885      0.00644885
 51      0.28636596      0.28636596      0.00648617      0.00648617
 52      0.29288976      0.29288976      0.00652381      0.00652381
 53      0.29945153      0.29945153      0.00656177      0.00656177
 54      0.30605158      0.30605158      0.00660005      0.00660005
 55      0.31269025      0.31269025      0.00663867      0.00663867
 56      0.31936788      0.31936788      0.00667763      0.00667763
 57      0.32608480      0.32608480      0.00671692      0.00671692
 58      0.33284137      0.33284137      0.00675657      0.00675657
 59      0.33963792      0.33963792      0.00679656      0.00679656
 60      0.34647483      0.34647483      0.00683691      0.00683691
 61      0.35335245      0.35335245      0.00687762      0.00687762
 62      0.36027115      0.36027115      0.00691870      0.00691870
 63      0.36723130      0.36723130      0.00696015      0.00696015
 64      0.37423328      0.37423328      0.00700198      0.00700198
 65      0.38127747      0.38127747      0.00704419      0.00704419
 66      0.38836426      0.38836426      0.00708679      0.00708679
 67      0.39549405      0.39549405      0.00712979      0.00712979
 68      0.40266724      0.40266724      0.00717318      0.00717318
 69      0.40988422      0.40988422      0.00721699      0.00721699
 70      0.41714543      0.41714543      0.00726120      0.00726120
 71      0.42445127      0.42445127      0.00730584      0.00730584
 72      0.43180217      0.43180217      0.00735090      0.00735090
 73      0.43919857      0.43919857      0.00739640      0.00739640
 74      0.44664090      0.44664090      0.00744233      0.00744233
 75      0.45412961      0.45412961      0.00748871      0.00748871
 76      0.46166515      0.46166515      0.00753554      0.00753554
 77      0.46924799      0.46924799      0.00758284      0.00758284
 78      0.47687859      0.47687859      0.00763060      0.00763060
 79      0.48455742      0.48455742      0.00767883      0.00767883
 80      0.49228497      0.49228497      0.00772755      0.00772755
 81      0.50006172      0.50006172      0.00777676      0.00777676
 82      0.50788818      0.50788818      0.00782646      0.00782646
 83      0.51576485      0.51576485      0.00787667      0.00787667
 84      0.52369225      0.52369225      0.00792740      0.00792740
 85      0.53167089      0.53167089      0.00797864      0.00797864
 86      0.53970131      0.53970131      0.00803042      0.00803042
 87      0.54778405      0.54778405      0.00808274      0.00808274
 88      0.55591966      0.55591966      0.00813561      0.00813561
 89      0.56410870      0.56410870      0.00818903      0.00818903
 90      0.57235172      0.57235172      0.00824303      0.00824303
 91      0.58064932      0.58064932      0.00829759      0.00829759
 92      0.58900207      0.58900207      0.00835275      0.00835275
 93      0.59741057      0.59741057      0.00840850      0.00840850
 94      0.60587543      0.60587543      0.00846486      0.00846486
 95      0.61439726      0.61439726      0.00852184      0.00852184
 96      0.62297670      0.62297670      0.00857944      0.00857944
 97      0.63161438      0.63161438      0.00863768      0.00863768
 98      0.64031095      0.64031095      0.00869657      0.00869657
 99      0.64906707      0.64906707      0.00875612      0.00875612
100      0.65788341      0.65788341      0.00881634      0.00881634
101      0.66676065      0.66676065      0.00887725      0.00887725
102      0.67569950      0.67569950      0.00893885      0.00893885
103      0.68470066      0.68470066      0.00900116      0.00900116
104      0.69376485      0.69376485      0.00906419      0.00906419
105      0.70289281      0.70289281      0.00912796      0.00912796
106      0.71208528      0.71208528      0.00919247      0.00919247
107      0.72134302      0.72134302      0.00925774      0.00925774
108      0.73066681      0.73066681      0.00932379      0.00932379
109      0.74005743      0.74005743      0.00939062      0.00939062
110      0.74951569      0.74951569      0.00945826      0.00945826
111      0.75904240      0.75904240      0.00952672      0.00952672
112      0.76863841      0.76863841      0.00959600      0.00959600
113      0.77830455      0.77830455      0.00966614      0.00966614
114      0.78804169      0.78804169      0.00973714      0.00973714
115      0.79785071      0.79785071      0.00980902      0.00980902
116      0.80773250      0.80773250      0.00988180      0.00988180
117      0.81768799      0.81768799      0.00995549      0.00995549
118      0.82771810      0.82771810      0.01003011      0.01003011
119      0.83782378      0.83782378      0.01010568      0.01010568
120      0.84800600      0.84800600      0.01018222      0.01018222
121      0.85826574      0.85826574      0.01025974      0.01025974
122      0.86860401      0.86860401      0.01033827      0.01033827
123      0.87902183      0.87902183      0.01041782      0.01041782
124      0.88952025      0.88952025      0.01049842      0.01049842
125      0.90010033      0.90010033      0.01058008      0.01058008
126      0.91076316      0.91076316      0.01066283      0.01066283
127      0.92150984      0.92150984      0.01074668      0.01074668
128      0.93234151      0.93234151      0.01083167      0.01083167
129      0.94325932      0.94325932      0.01091781      0.01091781
130      0.95426444      0.95426444      0.01100512      0.01100512
131      0.96535808      0.96535808      0.01109363      0.01109363
132      0.97654145      0.97654145      0.01118337      0.01118337
133      0.98781581      0.98781581      0.01127436      0.01127436
134      0.99918242      0.99918242      0.01136662      0.01136662
135      1.01064260      1.01064260      0.01146018      0.01146018
136      1.02219767      1.02219767      0.01155507      0.01155507
137      1.03384899      1.03384899      0.01165131      0.01165131
138      1.04559793      1.04559793      0.01174894      0.01174894
139      1.05744592      1.05744592      0.01184799      0.01184799
140      1.06939439      1.06939439      0.01194847      0.01194847
141      1.08144482      1.08144482      0.01205043      0.01205043
142      1.09359872      1.09359872      0.01215390      0.01215390
143      1.10585762      1.10585762      0.01225890      0.01225890
144      1.11822310      1.11822310      0.01236548      0.01236548
145      1.13069675      1.13069675      0.01247366      0.01247366
146      1.14328023      1.14328023      0.01258348      0.01258348
147      1.15597520      1.15597520      0.01269497      0.01269497
148      1.16878339      1.16878339      0.01280819      0.01280819
149      1.18170654      1.18170654      0.01292315      0.01292315
150      1.19474644      1.19474644      0.01303990      0.01303990
151      1.20790493      1.20790493      0.01315849      0.01315849
152      1.22118387      1.22118387      0.01327894      0.01327894
153      1.23458518      1.23458518      0.01340132      0.01340132
154      1.24811083      1.24811083      0.01352565      0.01352565
155      1.26176281      1.26176281      0.01365198      0.01365198
156      1.27554317      1.27554317      0.01378036      0.01378036
157      1.28945401      1.28945401      0.01391084      0.01391084
158      1.30349748      1.30349748      0.01404347      0.01404347
159      1.31767578      1.31767578      0.01417829      0.01417829
160      1.33199114      1.33199114      0.01431536      0.01431536
161      1.34644588      1.34644588      0.01445474      0.01445474
162      1.36104234      1.36104234      0.01459646      0.01459646
163      1.37578295      1.37578295      0.01474061      0.01474061
164      1.39067017      1.39067017      0.01488722      0.01488722
165      1.40570653      1.40570653      0.01503636      0.01503636
166      1.42089462      1.42089462      0.01518810      0.01518810
167      1.43623711      1.43623711      0.01534249      0.01534249
168      1.45173672      1.45173672      0.01549960      0.01549960
169      1.46739622      1.46739622      0.01565951      0.01565951
170      1.48321849      1.48321849      0.01582227      0.01582227
171      1.49920645      1.49920645      0.01598796      0.01598796
172      1.51536311      1.51536311      0.01615666      0.01615666
173      1.53169154      1.53169154      0.01632843      0.01632843
174      1.54819492      1.54819492      0.01650337      0.01650337
175      1.56487647      1.56487647      0.01668155      0.01668155
176      1.58173952      1.58173952      0.01686305      0.01686305
177      1.59878749      1.59878749      0.01704797      0.01704797
178      1.61602387      1.61602387      0.01723638      0.01723638
179      1.63345226      1.63345226      0.01742839      0.01742839
180      1.65107634      1.65107634      0.01762408      0.01762408
181      1.66889991      1.66889991      0.01782356      0.01782356
182      1.68692684      1.68692684      0.01802693      0.01802693
183      1.70516114      1.70516114      0.01823430      0.01823430
184      1.72360689      1.72360689      0.01844576      0.01844576
185      1.74226833      1.74226833      0.01866143      0.01866143
186      1.76114977      1.76114977      0.01888144      0.01888144
187      1.78025566      1.78025566      0.01910589      0.01910589
188      1.79959058      1.79959058      0.01933492      0.01933492
189      1.81915924      1.81915924      0.01956865      0.01956865
190      1.83896645      1.83896645      0.01980722      0.01980722
191      1.85901720      1.85901720      0.02005075      0.02005075
192      1.87931660      1.87931660      0.02029940      0.02029940
193      1.89986991      1.89986991      0.02055331      0.02055331
194      1.92068255      1.92068255      0.02081264      0.02081264
195      1.94176008      1.94176008      0.02107753      0.02107753
196      1.96310825      1.96310825      0.02134817      0.02134817
197      1.98473295      1.98473295      0.02162470      0.02162470
198      2.00664028      2.00664028      0.02190732      0.02190732
199      2.02883648      2.02883648      0.02219621      0.02219621
200      2.05132802      2.05132802      0.02249154      0.02249154
201      2.07412155      2.07412155      0.02279353      0.02279353
202      2.09722392      2.09722392      0.02310237      0.02310237
203      2.12064219      2.12064219      0.02341827      0.02341827
204      2.14438365      2.14438365      0.02374146      0.02374146
205      2.16845582      2.16845582      0.02407216      0.02407216
206      2.19286643      2.19286643      0.02441061      0.02441061
207      2.21762349      2.21762349      0.02475706      0.02475706
208      2.24273525      2.24273525      0.02511176      0.02511176
209      2.26821022      2.26821022      0.02547497      0.02547497
210      2.29405720      2.29405720      0.02584698      0.02584698
211      2.32028527      2.32028527      0.02622807      0.02622807
212      2.34690381      2.34690381      0.02661854      0.02661854
213      2.37392252      2.37392252      0.02701871      0.02701871
214      2.40135141      2.40135141      0.02742889      0.02742889
215      2.42920084      2.42920084      0.02784943      0.02784943
216      2.45748151      2.45748151      0.02828067      0.02828067
217      2.48620450      2.48620450      0.02872299      0.02872299
218      2.51538126      2.51538126      0.02917677      0.02917677
219      2.54502366      2.54502366      0.02964240      0.02964240
220      2.57514396      2.57514396      0.03012030      0.03012030
221      2.60575487      2.60575487      0.03061091      0.03061091
222      2.63686954      2.63686954      0.03111467      0.03111467
223      2.66850162      2.66850162      0.03163207      0.03163207
224      2.70066521      2.70066521      0.03216360      0.03216360
225      2.73337498      2.73337498      0.03270976      0.03270976
226      2.76664609      2.76664609      0.03327111      0.03327111
227      2.80049430      2.80049430      0.03384821      0.03384821
228      2.83493594      2.83493594      0.03444164      0.03444164
229      2.86998797      2.86998797      0.03505203      0.03505203
230      2.90566798      2.90566798      0.03568002      0.03568002
231      2.94199427      2.94199427      0.03632628      0.03632628
232      2.97898580      2.97898580      0.03699154      0.03699154
233      3.01666233      3.01666233      0.03767652      0.03767652
234      3.05504435      3.05334676      0.03838202      0.03668443
235      3.09415319      3.08800154      0.03910884      0.03465477
236      3.13401104      3.12055843      0.03985786      0.03255689
237      3.17464100      3.15094921      0.04062995      0.03039078
238      3.21150847      3.17910565      0.03686747      0.02815645
239      3.22590104      3.20495954      0.01439257      0.02585389
240      3.24034468      3.22844264      0.01444364      0.02348310
241      3.25483968      3.24948673      0.01449500      0.02104409
242      3.26938635      3.26802359      0.01454667      0.01853686
243      3.28398500      3.28398500      0.01459865      0.01596140
244      3.29863593      3.29863593      0.01465093      0.01465093
245      3.31333945      3.31333945      0.01470352      0.01470352
246      3.32809587      3.32809587      0.01475643      0.01475643
247      3.34290552      3.34290552      0.01480964      0.01480964
248      3.35776869      3.35776869      0.01486317      0.01486317
249      3.37268570      3.37268570      0.01491701      0.01491701
250      3.38765687      3.38765687      0.01497117      0.01497117
251      3.40268252      3.40268252      0.01502565      0.01502565
252      3.41776296      3.41776296      0.01508044      0.01508044
253      3.43289853      3.43289853      0.01513556      0.01513556
254      3.44808952      3.44808952      0.01519100      0.01519100
255      3.46333628      3.46333628      0.01524676      0.01524676
256      3.47863913      3.47863913      0.01530285      0.01530285
257      3.49399839      3.49399839      0.01535926      0.01535926
258      3.50941439      3.50941439      0.01541600      0.01541600
259      3.52488745      3.52488745      0.01547307      0.01547307
260      3.54041792      3.54041792      0.01553047      0.01553047
261      3.55600612      3.55600612      0.01558820      0.01558820
262      3.57165238      3.57165238      0.01564627      0.01564627
263      3.58735705      3.58735705      0.01570467      0.01570467
264      3.60312046      3.60312046      0.01576341      0.01576341
265      3.61894294      3.61894294      0.01582248      0.01582248
266      3.63482484      3.63482484      0.01588190      0.01588190
267      3.65076650      3.65076650      0.01594166      0.01594166
268      3.66676826      3.66676826      0.01600176      0.01600176
269      3.68283047      3.68283047      0.01606221      0.01606221
270      3.69895347      3.69895347      0.01612300      0.01612300
271      3.71513762      3.71513762      0.01618415      0.01618415
272      3.73138326      3.73138326      0.01624564      0.01624564
273      3.74769074      3.74769074      0.01630748      0.01630748
274      3.76406042      3.76406042      0.01636968      0.01636968
275      3.78049264      3.78049264      0.01643223      0.01643223
276      3.79698778      3.79698778      0.01649514      0.01649514
277      3.81354619      3.81354619      0.01655840      0.01655840
278      3.83016822      3.83016822      0.01662203      0.01662203
279      3.84685424      3.84685424      0.01668602      0.01668602
280      3.86360461      3.86360461      0.01675037      0.01675037
281      3.88041970      3.88041970      0.01681509      0.01681509
282      3.89729987      3.89729987      0.01688017      0.01688017
283      3.91424550      3.91424550      0.01694563      0.01694563
284      3.93125695      3.93125695      0.01701145      0.01701145
285      3.94833460      3.94833460      0.01707765      0.01707765
286      3.96547881      3.96547881      0.01714422      0.01714422
287      3.98268997      3.98268997      0.01721116      0.01721116
288      3.99996846      3.99996846      0.01727849      0.01727849
289      4.01731465      4.01731465      0.01734619      0.01734619
290      4.03472892      4.03472892      0.01741427      0.01741427
291      4.05221167      4.05221167      0.01748274      0.01748274
292      4.06976326      4.06976326      0.01755160      0.01755160
293      4.08738410      4.08738410      0.01762084      0.01762084
294      4.10507457      4.10507457      0.01769047      0.01769047
295      4.12283506      4.12283506      0.01776049      0.01776049
296      4.14066596      4.14066596      0.01783090      0.01783090
297      4.15856767      4.15856767      0.01790171      0.01790171
298      4.17654058      4.17654058      0.01797292      0.01797292
299      4.19458510      4.19458510      0.01804452      0.01804452
300      4.21270162      4.21270162      0.01811652      0.01811652
301      4.23089056      4.23089056      0.01818893      0.01818893
302      4.24915230      4.24915230      0.01826174      0.01826174
303      4.26748726      4.26748726      0.01833496      0.01833496
304      4.28589585      4.28589585      0.01840859      0.01840859
305      4.30437848      4.30437848      0.01848263      0.01848263
306      4.32293555      4.32293555      0.01855708      0.01855708
307      4.34156750      4.34156750      0.01863194      0.01863194
308      4.36027472      4.36027472      0.01870723      0.01870723
309      4.37905765      4.37905765      0.01878293      0.01878293
310      4.39791670      4.39791670      0.01885905      0.01885905
311      4.41685229      4.41685229      0.01893559      0.01893559
312      4.43586486      4.43586486      0.01901257      0.01901257
313      4.45495482      4.45495482      0.01908996      0.01908996
314      4.47412261      4.47412261      0.01916779      0.01916779
315      4.49336866      4.49336866      0.01924605      0.01924605
316      4.51269341      4.51269341      0.01932474      0.01932474
317      4.53209728      4.53209728      0.01940387      0.01940387
318      4.55158072      4.55158072      0.01948344      0.01948344
319      4.57114417      4.57114417      0.01956345      0.01956345
320      4.59078807      4.59078807      0.01964390      0.01964390
321      4.61051287      4.61051287      0.01972480      0.01972480
322      4.63031900      4.63031900      0.01980614      0.01980614
323      4.65020693      4.65020693      0.01988793      0.01988793
324      4.67017711      4.67017711      0.01997017      0.01997017
325      4.69022998      4.69022998      0.02005287      0.02005287
326      4.71036600      4.71036600      0.02013603      0.02013603
327      4.73058564      4.73058564      0.02021964      0.02021964
328      4.75088935      4.75088935      0.02030371      0.02030371
329      4.77127760      4.77127760      0.02038825      0.02038825
330      4.79175085      4.79175085      0.02047325      0.02047325
331      4.81230957      4.81230957      0.02055872      0.02055872
332      4.83295423      4.83295423      0.02064466      0.02064466
333      4.85368530      4.85368530      0.02073107      0.02073107
334      4.87450327      4.87450327      0.02081796      0.02081796
335      4.89540859      4.89540859      0.02090533      0.02090533
336      4.91640176      4.91640176      0.02099317      0.02099317
337      4.93748326      4.93748326      0.02108150      0.02108150
338      4.95865358      4.95865358      0.02117031      0.02117031
339      4.97991319      4.97991319      0.02125961      0.02125961
340      5.00126259      5.00126259      0.02134940      0.02134940
341      5.02270228      5.02270228      0.02143968      0.02143968
342      5.04423274      5.04423274      0.02153046      0.02153046
343      5.06585447      5.06585447      0.02162174      0.02162174
344      5.08756798      5.08756798      0.02171351      0.02171351
345      5.10937377      5.10937377      0.02180579      0.02180579
346      5.13127234      5.13127234      0.02189857      0.02189857
347      5.15326420      5.15326420      0.02199186      0.02199186
348      5.17534985      5.17534985      0.02208566      0.02208566
349      5.19752982      5.19752982      0.02217997      0.02217997
350      5.21980462      5.21980462      0.02227480      0.02227480
351      5.24217476      5.24217476      0.02237014      0.02237014
352      5.26464077      5.26464077      0.02246601      0.02246601
353      5.28720317      5.28720317      0.02256240      0.02256240
354      5.30986248      5.30986248      0.02265931      0.02265931
355      5.33261924      5.33261924      0.02275676      0.02275676
356      5.35547398      5.35547398      0.02285474      0.02285474
357      5.37842723      5.37842723      0.02295325      0.02295325
358      5.40147952      5.40147952      0.02305229      0.02305229
359      5.42463140      5.42463140      0.02315188      0.02315188
360      5.44788341      5.44788341      0.02325201      0.02325201
361      5.47123610      5.47123610      0.02335269      0.02335269
362      5.49469001      5.49469001      0.02345391      0.02345391
363      5.51824570      5.51824570      0.02355569      0.02355569
364      5.54190371      5.54190371      0.02365801      0.02365801
365      5.56566461      5.56566461      0.02376090      0.02376090
366      5.58952895      5.58952895      0.02386434      0.02386434
367      5.61349730      5.61349730      0.02396835      0.02396835
368      5.63757023      5.63757023      0.02407292      0.02407292
369      5.66174829      5.66174829      0.02417806      0.02417806
370      5.68603207      5.68603207      0.02428378      0.02428378
371      5.71042213      5.71042213      0.02439006      0.02439006
372      5.73491905      5.73491905      0.02449693      0.02449693
373      5.75952342      5.75952342      0.02460437      0.02460437
374      5.78423582      5.78423582      0.02471240      0.02471240
375      5.80905683      5.80905683      0.02482101      0.02482101
376      5.83398704      5.83398704      0.02493021      0.02493021
377      5.85902704      5.85902704      0.02504000      0.02504000
378      5.88417743      5.88417743      0.02515039      0.02515039
379      5.90943881      5.90943881      0.02526138      0.02526138
380      5.93481178      5.93481178      0.02537297      0.02537297
381      5.96029695      5.96029695      0.02548516      0.02548516
382      5.98589491      5.98589491      0.02559797      0.02559797
383      6.01160629      6.01160629      0.02571138      0.02571138
384      6.03743170      6.03743170      0.02582540      0.02582540
385      6.06337174      6.06337174      0.02594005      0.02594005
386      6.08942706      6.08942706      0.02605531      0.02605531
387      6.11559826      6.11559826      0.02617120      0.02617120
388      6.14188597      6.14188597      0.02628772      0.02628772
389      6.16829083      6.16829083      0.02640486      0.02640486
390      6.19481347      6.19481347      0.02652264      0.02652264
391      6.22145453      6.22145453      0.02664105      0.02664105
392      6.24821464      6.24821464      0.02676011      0.02676011
393      6.27509445      6.27509445      0.02687981      0.02687981
394      6.30209460      6.30209460      0.02700015      0.02700015
395      6.32921575      6.32921575      0.02712115      0.02712115
396      6.35645855      6.35645855      0.02724280      0.02724280
397      6.38382365      6.38382365      0.02736510      0.02736510
398      6.41131172      6.41131172      0.02748807      0.02748807
399      6.43892342      6.43892342      0.02761170      0.02761170
400      6.46665942      6.46665942      0.02773600      0.02773600
401      6.49452038      6.49452038      0.02786096      0.02786096
402      6.52250699      6.52250699      0.02798661      0.02798661
403      6.55061991      6.55061991      0.02811293      0.02811293
404      6.57885984      6.57885984      0.02823993      0.02823993
405      6.60722745      6.60722745      0.02836761      0.02836761
406      6.63572344      6.63572344      0.02849599      0.02849599
407      6.66434849      6.66434849      0.02862505      0.02862505
408      6.69310330      6.69310330      0.02875481      0.02875481
409      6.72198857      6.72198857      0.02888527      0.02888527
410      6.75100501      6.75100501      0.02901644      0.02901644
411      6.78015332      6.78015332      0.02914831      0.02914831
412      6.80943420      6.80943420      0.02928089      0.02928089
413      6.83884838      6.83884838      0.02941418      0.02941418
414      6.86839657      6.86839657      0.02954819      0.02954819
415      6.89807949      6.89807949      0.02968292      0.02968292
416      6.92789787      6.92789787      0.02981838      0.02981838
417      6.95785244      6.95785244      0.02995457      0.02995457
418      6.98794392      6.98794392      0.03009148      0.03009148
419      7.01817306      7.01817306      0.03022914      0.03022914
420      7.04854060      7.04854060      0.03036754      0.03036754
421      7.07904727      7.07904727      0.03050668      0.03050668
422      7.10969384      7.10969384      0.03064656      0.03064656
423      7.14048104      7.14048104      0.03078720      0.03078720
424      7.17140964      7.17140964      0.03092860      0.03092860
425      7.20248040      7.20248040      0.03107076      0.03107076
426      7.23369408      7.23369408      0.03121368      0.03121368
427      7.26505144      7.26505144      0.03135736      0.03135736
428      7.29655326      7.29655326      0.03150182      0.03150182
429      7.32820032      7.32820032      0.03164706      0.03164706
430      7.35999340      7.35999340      0.03179307      0.03179307
431      7.39193327      7.39193327      0.03193987      0.03193987
432      7.42402073      7.42402073      0.03208746      0.03208746
433      7.45625658      7.45625658      0.03223584      0.03223584
434      7.48864159      7.48864159      0.03238502      0.03238502
435      7.52117659      7.52117659      0.03253499      0.03253499
436      7.55386236      7.55386236      0.03268578      0.03268578
437      7.58669973      7.58669973      0.03283737      0.03283737
438      7.61968950      7.61968950      0.03298977      0.03298977
439      7.65283250      7.65283250      0.03314299      0.03314299
440      7.68612953      7.68612953      0.03329704      0.03329704
441      7.71958144      7.71958144      0.03345190      0.03345190
442      7.75318904      7.75318904      0.03360760      0.03360760
443      7.78695318      7.78695318      0.03376414      0.03376414
444      7.82087469      7.82087469      0.03392151      0.03392151
445      7.85495442      7.85495442      0.03407973      0.03407973
446      7.88919321      7.88919321      0.03423879      0.03423879
447      7.92359192      7.92359192      0.03439871      0.03439871
448      7.95815141      7.95815141      0.03455948      0.03455948
449      7.99287253      7.99287253      0.03472112      0.03472112
450      8.02775615      8.02775615      0.03488362      0.03488362
451      8.06280314      8.06280314      0.03504699      0.03504699
452      8.09801438      8.09801438      0.03521124      0.03521124
453      8.13339074      8.13339074      0.03537636      0.03537636
454      8.16893312      8.16893312      0.03554237      0.03554237
455      8.20464239      8.20464239      0.03570927      0.03570927
456      8.24051945      8.24051945      0.03587706      0.03587706
457      8.27656521      8.27656521      0.03604576      0.03604576
458      8.31278056      8.31278056      0.03621535      0.03621535
459      8.34916641      8.34916641      0.03638585      0.03638585
460      8.38572367      8.38572367      0.03655726      0.03655726
461      8.42245326      8.42245326      0.03672959      0.03672959
462      8.45935610      8.45935610      0.03690284      0.03690284
463      8.49643312      8.49643312      0.03707702      0.03707702
464      8.53368525      8.53368525      0.03725213      0.03725213
465      8.57111343      8.57111343      0.03742818      0.03742818
466      8.60871860      8.60871860      0.03760517      0.03760517
467      8.64650170      8.64650170      0.03778310      0.03778310
468      8.68446368      8.68446368      0.03796199      0.03796199
469      8.72260551      8.72260551      0.03814183      0.03814183
470      8.76092814      8.76092814      0.03832263      0.03832263
471      8.79943254      8.79943254      0.03850440      0.03850440
472      8.83811968      8.83811968      0.03868714      0.03868714
473      8.87699054      8.87699054      0.03887086      0.03887086
474      8.91604609      8.91604609      0.03905556      0.03905556
475      8.95528733      8.95528733      0.03924124      0.03924124
476      8.99471525      8.99471525      0.03942792      0.03942792
477      9.03433084      9.03433084      0.03961559      0.03961559
478      9.07413512      9.07413512      0.03980427      0.03980427
479      9.11412907      9.11412907      0.03999395      0.03999395
480      9.15431372      9.15431372      0.04018465      0.04018465
481      9.19456027      9.19456027      0.04024655      0.04024655
482      9.23486897      9.23486897      0.04030870      0.04030870
483      9.27524009      9.27524009      0.04037112      0.04037112
484      9.31567389      9.31567389      0.04043380      0.04043380
485      9.35617062      9.35617062      0.04049673      0.04049673
486      9.39673054      9.39673054      0.04055992      0.04055992
487      9.43735391      9.43735391      0.04062337      0.04062337
488      9.47804099      9.47804099      0.04068708      0.04068708
489      9.51879202      9.51879202      0.04075103      0.04075103
490      9.55960727      9.55960727      0.04081525      0.04081525
491      9.60048698      9.60048698      0.04087971      0.04087971
492      9.64143141      9.64143141      0.04094443      0.04094443
493      9.68244080      9.68244080      0.04100939      0.04100939
494      9.72351541      9.72351541      0.04107461      0.04107461
495      9.76465549      9.76465549      0.04114008      0.04114008
496      9.80586128      9.80586128      0.04120579      0.04120579
497      9.84713303      9.84713303      0.04127175      0.04127175
498      9.88847099      9.88847099      0.04133796      0.04133796
499      9.92987540      9.92987540      0.04140441      0.04140441
500      9.97134651      9.97134651      0.04147111      0.04147111
