      1.00000000      0.00001267      0.00001277
      2.00000000      0.00002543      0.00001287
      3.00000000      0.00003830      0.00001297
      4.00000000      0.00005128      0.00001308
      5.00000000      0.00006435      0.00001318
      6.00000000      0.00007753      0.00001328
      7.00000000      0.00009081      0.00001339
      8.00000000      0.00010420      0.00001350
      9.00000000      0.00011770      0.00001360
     10.00000000      0.00013131      0.00001371
     11.00000000      0.00014502      0.00001382
     12.00000000      0.00015884      0.00001393
     13.00000000      0.00017277      0.00001404
     14.00000000      0.00018682      0.00001416
     15.00000000      0.00020097      0.00001427
     16.00000000      0.00021524      0.00001438
     17.00000000      0.00022962      0.00001450
     18.00000000      0.00024412      0.00001461
     19.00000000      0.00025873      0.00001473
     20.00000000      0.00027346      0.00001485
     21.00000000      0.00028830      0.00001496
     22.00000000      0.00030327      0.00001508
     23.00000000      0.00031835      0.00001520
     24.00000000      0.00033355      0.00001532
     25.00000000      0.00034888      0.00001545
     26.00000000      0.00036432      0.00001557
     27.00000000      0.00037989      0.00001569
     28.00000000      0.00039559      0.00001582
     29.00000000      0.00041140      0.00001594
     30.00000000      0.00042735      0.00001607
     31.00000000      0.00044342      0.00001620
     32.00000000      0.00045962      0.00001633
     33.00000000      0.00047595      0.00001646
     34.00000000      0.00049241      0.00001659
     35.00000000      0.00050900      0.00001672
     36.00000000      0.00052572      0.00001686
     37.00000000      0.00054258      0.00001699
     38.00000000      0.00055957      0.00001713
     39.00000000      0.00057669      0.00001726
     40.00000000      0.00059395      0.00001740
     41.00000000      0.00061135      0.00001754
     42.00000000      0.00062889      0.00001768
     43.00000000      0.00064657      0.00001782
     44.00000000      0.00066439      0.00001796
     45.00000000      0.00068235      0.00001810
     46.00000000      0.00070045      0.00001825
     47.00000000      0.00071870      0.00001839
     48.00000000      0.00073709      0.00001854
     49.00000000      0.00075563      0.00001869
     50.00000000      0.00077432      0.00001884
     51.00000000      0.00079316      0.00001899
     52.00000000      0.00081214      0.00001914
     53.00000000      0.00083128      0.00001929
     54.00000000      0.00085057      0.00001944
     55.00000000      0.00087001      0.00001960
     56.00000000      0.00088961      0.00001976
     57.00000000      0.00090937      0.00001991
     58.00000000      0.00092928      0.00002007
     59.00000000      0.00094935      0.00002023
     60.00000000      0.00096958      0.00002039
     61.00000000      0.00098997      0.00002055
     62.00000000      0.00101053      0.00002072
     63.00000000      0.00103125      0.00002088
     64.00000000      0.00105213      0.00002105
     65.00000000      0.00107318      0.00002122
     66.00000000      0.00109440      0.00002139
     67.00000000      0.00111579      0.00002156
     68.00000000      0.00113734      0.00002173
     69.00000000      0.00115907      0.00002190
     70.00000000      0.00118097      0.00002208
     71.00000000      0.00120305      0.00002225
     72.00000000      0.00122530      0.00002243
     73.00000000      0.00124773      0.00002261
     74.00000000      0.00127034      0.00002279
     75.00000000      0.00129313      0.00002297
     76.00000000      0.00131610      0.00002315
     77.00000000      0.00133925      0.00002334
     78.00000000      0.00136259      0.00002352
     79.00000000      0.00138612      0.00002371
     80.00000000      0.00140983      0.00002390
     81.00000000      0.00143373      0.00002409
     82.00000000      0.00145782      0.00002428
     83.00000000      0.00148210      0.00002448
     84.00000000      0.00150658      0.00002467
     85.00000000      0.00153125      0.00002487
     86.00000000      0.00155612      0.00002507
     87.00000000      0.00158118      0.00002527
     88.00000000      0.00160645      0.00002547
     89.00000000      0.00163191      0.00002567
     90.00000000      0.00165758      0.00002587
     91.00000000      0.00168346      0.00002608
     92.00000000      0.00170954      0.00002629
     93.00000000      0.00173583      0.00002650
     94.00000000      0.00176233      0.00002671
     95.00000000      0.00178903      0.00002692
     96.00000000      0.00181596      0.00002714
     97.00000000      0.00184309      0.00002735
     98.00000000      0.00187044      0.00002757
     99.00000000      0.00189802      0.00002779
    100.00000000      0.00192581      0.00002801
    101.00000000      0.00195382      0.00002823
    102.00000000      0.00198205      0.00002846
    103.00000000      0.00201051      0.00002869
    104.00000000      0.00203920      0.00002892
    105.00000000      0.00206811      0.00002915
    106.00000000      0.00209726      0.00002938
    107.00000000      0.00212664      0.00002961
    108.00000000      0.00215625      0.00002985
    109.00000000      0.00218610      0.00003009
    110.00000000      0.00221618      0.00003033
    111.00000000      0.00224651      0.00003057
    112.00000000      0.00227707      0.00003081
    113.00000000      0.00230788      0.00003106
    114.00000000      0.00233894      0.00003130
    115.00000000      0.00237024      0.00003155
    116.00000000      0.00240180      0.00003180
    117.00000000      0.00243360      0.00003206
    118.00000000      0.00246566      0.00003231
    119.00000000      0.00249797      0.00003257
    120.00000000      0.00253054      0.00003283
    121.00000000      0.00256337      0.00003309
    122.00000000      0.00259646      0.00003336
    123.00000000      0.00262982      0.00003362
    124.00000000      0.00266344      0.00003389
    125.00000000      0.00269733      0.00003416
    126.00000000      0.00273149      0.00003443
    127.00000000      0.00276592      0.00003471
    128.00000000      0.00280063      0.00003498
    129.00000000      0.00283561      0.00003526
    130.00000000      0.00287087      0.00003554
    131.00000000      0.00290641      0.00003583
    132.00000000      0.00294224      0.00003611
    133.00000000      0.00297835      0.00003640
    134.00000000      0.00301474      0.00003669
    135.00000000      0.00305143      0.00003698
    136.00000000      0.00308841      0.00003728
    137.00000000      0.00312569      0.00003757
    138.00000000      0.00316326      0.00003787
    139.00000000      0.00320113      0.00003817
    140.00000000      0.00323931      0.00003848
    141.00000000      0.00327778      0.00003878
    142.00000000      0.00331657      0.00003909
    143.00000000      0.00335566      0.00003940
    144.00000000      0.00339507      0.00003972
    145.00000000      0.00343478      0.00004004
    146.00000000      0.00347482      0.00004035
    147.00000000      0.00351517      0.00004068
    148.00000000      0.00355585      0.00004100
    149.00000000      0.00359685      0.00004133
    150.00000000      0.00363818      0.00004166
    151.00000000      0.00367983      0.00004199
    152.00000000      0.00372182      0.00004232
    153.00000000      0.00376414      0.00004266
    154.00000000      0.00380680      0.00004300
    155.00000000      0.00384980      0.00004334
    156.00000000      0.00389314      0.00004369
    157.00000000      0.00393683      0.00004404
    158.00000000      0.00398087      0.00004439
    159.00000000      0.00402525      0.00004474
    160.00000000      0.00406999      0.00004510
    161.00000000      0.00411509      0.00004546
    162.00000000      0.00416055      0.00004582
    163.00000000      0.00420636      0.00004618
    164.00000000      0.00425255      0.00004655
    165.00000000      0.00429910      0.00004692
    166.00000000      0.00434602      0.00004730
    167.00000000      0.00439332      0.00004767
    168.00000000      0.00444099      0.00004805
    169.00000000      0.00448904      0.00004844
    170.00000000      0.00453748      0.00004882
    171.00000000      0.00458630      0.00004921
    172.00000000      0.00463551      0.00004960
    173.00000000      0.00468511      0.00005000
    174.00000000      0.00473511      0.00005040
    175.00000000      0.00478551      0.00005080
    176.00000000      0.00483630      0.00005120
    177.00000000      0.00488751      0.00005161
    178.00000000      0.00493912      0.00005202
    179.00000000      0.00499114      0.00005244
    180.00000000      0.00504358      0.00005285
    181.00000000      0.00509643      0.00005328
    182.00000000      0.00514971      0.00005370
    183.00000000      0.00520341      0.00005413
    184.00000000      0.00525753      0.00005456
    185.00000000      0.00531209      0.00005499
    186.00000000      0.00536709      0.00005543
    187.00000000      0.00542252      0.00005587
    188.00000000      0.00547839      0.00005632
    189.00000000      0.00553471      0.00005677
    190.00000000      0.00559148      0.00005722
    191.00000000      0.00564870      0.00005768
    192.00000000      0.00570637      0.00005814
    193.00000000      0.00576451      0.00005860
    194.00000000      0.00582311      0.00005907
    195.00000000      0.00588217      0.00005954
    196.00000000      0.00594171      0.00006001
    197.00000000      0.00600172      0.00006049
    198.00000000      0.00606221      0.00006097
    199.00000000      0.00612318      0.00006146
    200.00000000      0.00618464      0.00006195
    201.00000000      0.00624658      0.00006244
    202.00000000      0.00630902      0.00006294
    203.00000000      0.00637196      0.00006344
    204.00000000      0.00643540      0.00006394
    205.00000000      0.00649934      0.00006445
    206.00000000      0.00656380      0.00006497
    207.00000000      0.00662877      0.00006549
    208.00000000      0.00669425      0.00006601
    209.00000000      0.00676026      0.00006653
    210.00000000      0.00682679      0.00006706
    211.00000000      0.00689385      0.00006760
    212.00000000      0.00696145      0.00006814
    213.00000000      0.00702959      0.00006868
    214.00000000      0.00709827      0.00006923
    215.00000000      0.00716749      0.00006978
    216.00000000      0.00723727      0.00007033
    217.00000000      0.00730760      0.00007089
    218.00000000      0.00737850      0.00007146
    219.00000000      0.00744996      0.00007203
    220.00000000      0.00752198      0.00007260
    221.00000000      0.00759459      0.00007318
    222.00000000      0.00766777      0.00007376
    223.00000000      0.00774153      0.00007435
    224.00000000      0.00781588      0.00007494
    225.00000000      0.00789083      0.00007554
    226.00000000      0.00796637      0.00007614
    227.00000000      0.00804251      0.00007675
    228.00000000      0.00811926      0.00007736
    229.00000000      0.00819662      0.00007798
    230.00000000      0.00827460      0.00007860
    231.00000000      0.00835320      0.00007923
    232.00000000      0.00843243      0.00007986
    233.00000000      0.00851228      0.00008049
    234.00000000      0.00859278      0.00008113
    235.00000000      0.00867391      0.00008178
    236.00000000      0.00875569      0.00008243
    237.00000000      0.00883813      0.00008309
    238.00000000      0.00892122      0.00008375
    239.00000000      0.00900497      0.00008442
    240.00000000      0.00908939      0.00008509
    241.00000000      0.00917448      0.00008577
    242.00000000      0.00926025      0.00008645
    243.00000000      0.00934670      0.00008714
    244.00000000      0.00943384      0.00008784
    245.00000000      0.00952168      0.00008854
    246.00000000      0.00961021      0.00008924
    247.00000000      0.00969946      0.00008995
    248.00000000      0.00978941      0.00009067
    249.00000000      0.00988008      0.00009139
    250.00000000      0.00997147      0.00009212
    251.00000000      0.01006359      0.00009285
    252.00000000      0.01015644      0.00009359
    253.00000000      0.01025004      0.00009434
    254.00000000      0.01034438      0.00009509
    255.00000000      0.01043947      0.00009585
    256.00000000      0.01053532      0.00009661
    257.00000000      0.01063193      0.00009738
    258.00000000      0.01072931      0.00009816
    259.00000000      0.01082747      0.00009894
    260.00000000      0.01092641      0.00009973
    261.00000000      0.01102614      0.00010052
    262.00000000      0.01112667      0.00010132
    263.00000000      0.01122799      0.00010213
    264.00000000      0.01133012      0.00010295
    265.00000000      0.01143307      0.00010377
    266.00000000      0.01153684      0.00010459
    267.00000000      0.01164143      0.00010543
    268.00000000      0.01174685      0.00010627
    269.00000000      0.01185312      0.00010711
    270.00000000      0.01196023      0.00010797
    271.00000000      0.01206820      0.00010883
    272.00000000      0.01217703      0.00010969
    273.00000000      0.01228672      0.00011057
    274.00000000      0.01239729      0.00011145
    275.00000000      0.01250874      0.00011234
    276.00000000      0.01262108      0.00011323
    277.00000000      0.01273431      0.00011413
    278.00000000      0.01284844      0.00011504
    279.00000000      0.01296349      0.00011596
    280.00000000      0.01307945      0.00011688
    281.00000000      0.01319633      0.00011782
    282.00000000      0.01331415      0.00011875
    283.00000000      0.01343290      0.00011970
    284.00000000      0.01355261      0.00012065
    285.00000000      0.01367326      0.00012162
    286.00000000      0.01379488      0.00012259
    287.00000000      0.01391746      0.00012356
    288.00000000      0.01404102      0.00012455
    289.00000000      0.01416557      0.00012554
    290.00000000      0.01429111      0.00012654
    291.00000000      0.01441765      0.00012755
    292.00000000      0.01454520      0.00012856
    293.00000000      0.01467376      0.00012959
    294.00000000      0.01480335      0.00013062
    295.00000000      0.01493397      0.00013166
    296.00000000      0.01506563      0.00013271
    297.00000000      0.01519834      0.00013377
    298.00000000      0.01533211      0.00013483
    299.00000000      0.01546695      0.00013591
    300.00000000      0.01560285      0.00013699
    301.00000000      0.01573985      0.00013808
    302.00000000      0.01587793      0.00013918
    303.00000000      0.01601711      0.00014029
    304.00000000      0.01615740      0.00014141
    305.00000000      0.01629881      0.00014254
    306.00000000      0.01644135      0.00014367
    307.00000000      0.01658502      0.00014482
    308.00000000      0.01672984      0.00014597
    309.00000000      0.01687581      0.00014713
    310.00000000      0.01702295      0.00014831
    311.00000000      0.01717125      0.00014949
    312.00000000      0.01732074      0.00015068
    313.00000000      0.01747142      0.00015188
    314.00000000      0.01762330      0.00015309
    315.00000000      0.01777639      0.00015309
    316.00000000      0.01792948      0.00015347
    317.00000000      0.01808295      0.00015385
    318.00000000      0.01823681      0.00015424
    319.00000000      0.01839104      0.00015462
    320.00000000      0.01854566      0.00015500
    321.00000000      0.01870067      0.00015539
    322.00000000      0.01885606      0.00015578
    323.00000000      0.01901183      0.00015616
    324.00000000      0.01916800      0.00015655
    325.00000000      0.01932455      0.00015694
    326.00000000      0.01948149      0.00015733
    327.00000000      0.01963882      0.00015772
    328.00000000      0.01979655      0.00015812
    329.00000000      0.01995466      0.00015851
    330.00000000      0.02011317      0.00015890
    331.00000000      0.02027208      0.00015930
    332.00000000      0.02043138      0.00015970
    333.00000000      0.02059107      0.00016009
    334.00000000      0.02075116      0.00016049
    335.00000000      0.02091165      0.00016089
    336.00000000      0.02107254      0.00016129
    337.00000000      0.02123383      0.00016169
    338.00000000      0.02139553      0.00016209
    339.00000000      0.02155762      0.00016250
    340.00000000      0.02172012      0.00016290
    341.00000000      0.02188302      0.00016331
    342.00000000      0.02204632      0.00016371
    343.00000000      0.02221004      0.00016412
    344.00000000      0.02237416      0.00016453
    345.00000000      0.02253868      0.00016494
    346.00000000      0.02270362      0.00016535
    347.00000000      0.02286897      0.00016576
    348.00000000      0.02303473      0.00016617
    349.00000000      0.02320090      0.00016658
    350.00000000      0.02336749      0.00016700
    351.00000000      0.02353449      0.00016741
    352.00000000      0.02370190      0.00016783
    353.00000000      0.02386973      0.00016825
    354.00000000      0.02403798      0.00016867
    355.00000000      0.02420665      0.00016909
    356.00000000      0.02437573      0.00016951
    357.00000000      0.02454524      0.00016993
    358.00000000      0.02471517      0.00017035
    359.00000000      0.02488552      0.00017078
    360.00000000      0.02505630      0.00017120
    361.00000000      0.02522750      0.00017163
    362.00000000      0.02539912      0.00017205
    363.00000000      0.02557118      0.00017248
    364.00000000      0.02574366      0.00017291
    365.00000000      0.02591657      0.00017334
    366.00000000      0.02608991      0.00017377
    367.00000000      0.02626368      0.00017420
    368.00000000      0.02643789      0.00017464
    369.00000000      0.02661252      0.00017507
    370.00000000      0.02678759      0.00017551
    371.00000000      0.02696310      0.00017594
    372.00000000      0.02713905      0.00017638
    373.00000000      0.02731543      0.00017682
    374.00000000      0.02749225      0.00017726
    375.00000000      0.02766951      0.00017770
    376.00000000      0.02784721      0.00017814
    377.00000000      0.02802535      0.00017859
    378.00000000      0.02820394      0.00017903
    379.00000000      0.02838297      0.00017948
    380.00000000      0.02856245      0.00017992
    381.00000000      0.02874237      0.00018037
    382.00000000      0.02892274      0.00018082
    383.00000000      0.02910356      0.00018127
    384.00000000      0.02928483      0.00018172
    385.00000000      0.02946655      0.00018217
    386.00000000      0.02964872      0.00018262
    387.00000000      0.02983134      0.00018308
    388.00000000      0.03001442      0.00018353
    389.00000000      0.03019796      0.00018399
    390.00000000      0.03038195      0.00018445
    391.00000000      0.03056640      0.00018491
    392.00000000      0.03075130      0.00018537
    393.00000000      0.03093667      0.00018583
    394.00000000      0.03112250      0.00018629
    395.00000000      0.03130879      0.00018675
    396.00000000      0.03149555      0.00018722
    397.00000000      0.03168277      0.00018768
    398.00000000      0.03187045      0.00018815
    399.00000000      0.03205860      0.00018862
    400.00000000      0.03224722      0.00018909
    401.00000000      0.03243631      0.00018956
    402.00000000      0.03262587      0.00019003
    403.00000000      0.03281590      0.00019050
    404.00000000      0.03300640      0.00019098
    405.00000000      0.03319738      0.00019145
    406.00000000      0.03338883      0.00019193
    407.00000000      0.03358076      0.00019241
    408.00000000      0.03377317      0.00019289
    409.00000000      0.03396606      0.00019336
    410.00000000      0.03415942      0.00019385
    411.00000000      0.03435327      0.00019433
    412.00000000      0.03454759      0.00019481
    413.00000000      0.03474241      0.00019530
    414.00000000      0.03493770      0.00019578
    415.00000000      0.03513348      0.00019627
    416.00000000      0.03532975      0.00019676
    417.00000000      0.03552651      0.00019725
    418.00000000      0.03572376      0.00019774
    419.00000000      0.03592149      0.00019823
    420.00000000      0.03611972      0.00019872
    421.00000000      0.03631845      0.00019922
    422.00000000      0.03651766      0.00019971
    423.00000000      0.03671738      0.00020021
    424.00000000      0.03691758      0.00020071
    425.00000000      0.03711829      0.00020121
    426.00000000      0.03731950      0.00020171
    427.00000000      0.03752121      0.00020221
    428.00000000      0.03772341      0.00020271
    429.00000000      0.03792613      0.00020322
    430.00000000      0.03812934      0.00020372
    431.00000000      0.03833306      0.00020423
    432.00000000      0.03853729      0.00020474
    433.00000000      0.03874203      0.00020525
    434.00000000      0.03894728      0.00020576
    435.00000000      0.03915303      0.00020627
    436.00000000      0.03935930      0.00020678
    437.00000000      0.03956608      0.00020730
    438.00000000      0.03977338      0.00020781
    439.00000000      0.03998119      0.00020833
    440.00000000      0.04018952      0.00020885
    441.00000000      0.04039836      0.00020937
    442.00000000      0.04060773      0.00020989
    443.00000000      0.04081762      0.00021041
    444.00000000      0.04102803      0.00021093
    445.00000000      0.04123896      0.00021146
    446.00000000      0.04145042      0.00021198
    447.00000000      0.04166240      0.00021251
    448.00000000      0.04187491      0.00021304
    449.00000000      0.04208795      0.00021357
    450.00000000      0.04230152      0.00021410
    451.00000000      0.04251562      0.00021463
    452.00000000      0.04273025      0.00021517
    453.00000000      0.04294542      0.00021570
    454.00000000      0.04316112      0.00021624
    455.00000000      0.04337736      0.00021678
    456.00000000      0.04359414      0.00021732
    457.00000000      0.04381146      0.00021786
    458.00000000      0.04402931      0.00021840
    459.00000000      0.04424771      0.00021894
    460.00000000      0.04446665      0.00021949
    461.00000000      0.04468614      0.00022003
    462.00000000      0.04490617      0.00022058
    463.00000000      0.04512675      0.00022113
    464.00000000      0.04534788      0.00022168
    465.00000000      0.04556956      0.00022223
    466.00000000      0.04579179      0.00022278
    467.00000000      0.04601458      0.00022334
    468.00000000      0.04623791      0.00022389
    469.00000000      0.04646181      0.00022445
    470.00000000      0.04668626      0.00022501
    471.00000000      0.04691126      0.00022557
    472.00000000      0.04713683      0.00022613
    473.00000000      0.04736296      0.00022669
    474.00000000      0.04758965      0.00022726
    475.00000000      0.04781691      0.00022782
    476.00000000      0.04804473      0.00022839
    477.00000000      0.04827312      0.00022896
    478.00000000      0.04850207      0.00022953
    479.00000000      0.04873160      0.00023010
    480.00000000      0.04896170      0.00023067
    481.00000000      0.04919236      0.00023124
    482.00000000      0.04942361      0.00023182
    483.00000000      0.04965543      0.00023239
    484.00000000      0.04988782      0.00023297
    485.00000000      0.05012079      0.00023355
    486.00000000      0.05035435      0.00023413
    487.00000000      0.05058848      0.00023472
    488.00000000      0.05082319      0.00023530
    489.00000000      0.05105849      0.00023589
    490.00000000      0.05129438      0.00023647
    491.00000000      0.05153085      0.00023706
    492.00000000      0.05176791      0.00023765
    493.00000000      0.05200556      0.00023824
    494.00000000      0.05224380      0.00023883
    495.00000000      0.05248264      0.00023943
    496.00000000      0.05272206      0.00024002
    497.00000000      0.05296209      0.00024062
    498.00000000      0.05320271      0.00024122
    499.00000000      0.05344393      0.00024182
    500.00000000      0.05368575      0.00024242
    501.00000000      0.05392817      0.00024302
    502.00000000      0.05417119      0.00024363
    503.00000000      0.05441482      0.00024423
    504.00000000      0.05465905      0.00024484
    505.00000000      0.05490389      0.00024545
    506.00000000      0.05514935      0.00024606
    507.00000000      0.05539541      0.00024667
    508.00000000      0.05564208      0.00024729
    509.00000000      0.05588937      0.00024790
    510.00000000      0.05613727      0.00024852
    511.00000000      0.05638579      0.00024914
    512.00000000      0.05663493      0.00024976
    513.00000000      0.05688469      0.00025038
    514.00000000      0.05713506      0.00025100
    515.00000000      0.05738607      0.00025163
    516.00000000      0.05763769      0.00025225
    517.00000000      0.05788994      0.00025288
    518.00000000      0.05814282      0.00025351
    519.00000000      0.05839633      0.00025414
    520.00000000      0.05865047      0.00025477
    521.00000000      0.05890524      0.00025541
    522.00000000      0.05916065      0.00025604
    523.00000000      0.05941669      0.00025668
    524.00000000      0.05967336      0.00025732
    525.00000000      0.05993068      0.00025796
    526.00000000      0.06018864      0.00025860
    527.00000000      0.06044723      0.00025924
    528.00000000      0.06070647      0.00025989
    529.00000000      0.06096636      0.00026053
    530.00000000      0.06122689      0.00026118
    531.00000000      0.06148807      0.00026183
    532.00000000      0.06174990      0.00026248
    533.00000000      0.06201239      0.00026313
    534.00000000      0.06227552      0.00026379
    535.00000000      0.06253931      0.00026445
    536.00000000      0.06280375      0.00026510
    537.00000000      0.06306886      0.00026576
    538.00000000      0.06333462      0.00026642
    539.00000000      0.06360104      0.00026709
    540.00000000      0.06386813      0.00026775
    541.00000000      0.06413588      0.00026842
    542.00000000      0.06440430      0.00026908
    543.00000000      0.06467338      0.00026975
    544.00000000      0.06494314      0.00027043
    545.00000000      0.06521356      0.00027110
    546.00000000      0.06548466      0.00027177
    547.00000000      0.06575643      0.00027245
    548.00000000      0.06602888      0.00027313
    549.00000000      0.06630201      0.00027381
    550.00000000      0.06657581      0.00027449
    551.00000000      0.06685030      0.00027517
    552.00000000      0.06712547      0.00027585
    553.00000000      0.06740132      0.00027654
    554.00000000      0.06767786      0.00027723
    555.00000000      0.06795509      0.00027792
    556.00000000      0.06823301      0.00027861
    557.00000000      0.06851162      0.00027930
    558.00000000      0.06879092      0.00028000
    559.00000000      0.06907092      0.00028069
    560.00000000      0.06935161      0.00028139
    561.00000000      0.06963301      0.00028209
    562.00000000      0.06991510      0.00028279
    563.00000000      0.07019789      0.00028350
    564.00000000      0.07048139      0.00028420
    565.00000000      0.07076559      0.00028491
    566.00000000      0.07105050      0.00028562
    567.00000000      0.07133612      0.00028633
    568.00000000      0.07162245      0.00028704
    569.00000000      0.07190949      0.00028776
    570.00000000      0.07219724      0.00028847
    571.00000000      0.07248572      0.00028919
    572.00000000      0.07277490      0.00028991
    573.00000000      0.07306481      0.00029063
    574.00000000      0.07335544      0.00029135
    575.00000000      0.07364679      0.00029208
    576.00000000      0.07393887      0.00029280
    577.00000000      0.07423167      0.00029353
    578.00000000      0.07452521      0.00029426
    579.00000000      0.07481947      0.00029499
    580.00000000      0.07511446      0.00029573
    581.00000000      0.07541019      0.00029646
    582.00000000      0.07570665      0.00029720
    583.00000000      0.07600386      0.00029794
    584.00000000      0.07630180      0.00029868
    585.00000000      0.07660048      0.00029942
    586.00000000      0.07689990      0.00030017
    587.00000000      0.07720007      0.00030092
    588.00000000      0.07750099      0.00030166
    589.00000000      0.07780265      0.00030242
    590.00000000      0.07810507      0.00030317
    591.00000000      0.07840824      0.00030392
    592.00000000      0.07871216      0.00030468
    593.00000000      0.07901684      0.00030544
    594.00000000      0.07932227      0.00030620
    595.00000000      0.07962847      0.00030696
    596.00000000      0.07993542      0.00030772
    597.00000000      0.08024315      0.00030849
    598.00000000      0.08055163      0.00030925
    599.00000000      0.08086089      0.00031002
    600.00000000      0.08117091      0.00031079
    601.00000000      0.08148170      0.00031157
    602.00000000      0.08179327      0.00031234
    603.00000000      0.08210561      0.00031312
    604.00000000      0.08241873      0.00031390
    605.00000000      0.08273263      0.00031468
    606.00000000      0.08304731      0.00031546
    607.00000000      0.08336277      0.00031625
    608.00000000      0.08367902      0.00031703
    609.00000000      0.08399605      0.00031782
    610.00000000      0.08431388      0.00031861
    611.00000000      0.08463249      0.00031941
    612.00000000      0.08495190      0.00032020
    613.00000000      0.08527210      0.00032100
    614.00000000      0.08559309      0.00032180
    615.00000000      0.08591489      0.00032260
    616.00000000      0.08623748      0.00032340
    617.00000000      0.08656088      0.00032420
    618.00000000      0.08688509      0.00032501
    619.00000000      0.08721009      0.00032582
    620.00000000      0.08753591      0.00032663
    621.00000000      0.08786254      0.00032744
    622.00000000      0.08818998      0.00032826
    623.00000000      0.08851824      0.00032907
    624.00000000      0.08884731      0.00032989
    625.00000000      0.08917720      0.00033071
    626.00000000      0.08950791      0.00033153
    627.00000000      0.08983944      0.00033236
    628.00000000      0.09017180      0.00033319
    629.00000000      0.09050499      0.00033401
    630.00000000      0.09083900      0.00033485
    631.00000000      0.09117385      0.00033568
    632.00000000      0.09150953      0.00033651
    633.00000000      0.09184604      0.00033735
    634.00000000      0.09218339      0.00033819
    635.00000000      0.09252158      0.00033903
    636.00000000      0.09286061      0.00033987
    637.00000000      0.09320049      0.00034072
    638.00000000      0.09354121      0.00034157
    639.00000000      0.09388277      0.00034242
    640.00000000      0.09422519      0.00034327
    641.00000000      0.09456846      0.00034412
    642.00000000      0.09491258      0.00034498
    643.00000000      0.09525756      0.00034584
    644.00000000      0.09560340      0.00034670
    645.00000000      0.09595010      0.00034756
    646.00000000      0.09629766      0.00034842
    647.00000000      0.09664608      0.00034929
    648.00000000      0.09699537      0.00035016
    649.00000000      0.09734553      0.00035103
    650.00000000      0.09769656      0.00035190
    651.00000000      0.09804847      0.00035278
    652.00000000      0.09840125      0.00035366
    653.00000000      0.09875491      0.00035454
    654.00000000      0.09910944      0.00035542
    655.00000000      0.09946486      0.00035630
    656.00000000      0.09982117      0.00035719
    657.00000000      0.10017836      0.00035808
    658.00000000      0.10053643      0.00035897
    659.00000000      0.10089540      0.00035986
    660.00000000      0.10125527      0.00036076
    661.00000000      0.10161602      0.00036165
    662.00000000      0.10197768      0.00036255
    663.00000000      0.10234023      0.00036346
    664.00000000      0.10270369      0.00036436
    665.00000000      0.10306805      0.00036527
    666.00000000      0.10343332      0.00036618
    667.00000000      0.10379949      0.00036709
    668.00000000      0.10416658      0.00036800
    669.00000000      0.10453458      0.00036892
    670.00000000      0.10490349      0.00036983
    671.00000000      0.10527333      0.00037075
    672.00000000      0.10564408      0.00037168
    673.00000000      0.10601576      0.00037260
    674.00000000      0.10638836      0.00037353
    675.00000000      0.10676188      0.00037446
    676.00000000      0.10713634      0.00037539
    677.00000000      0.10751173      0.00037632
    678.00000000      0.10788805      0.00037726
    679.00000000      0.10826530      0.00037820
    680.00000000      0.10864350      0.00037914
    681.00000000      0.10902264      0.00038008
    682.00000000      0.10940272      0.00038103
    683.00000000      0.10978374      0.00038197
    684.00000000      0.11016572      0.00038292
    685.00000000      0.11054864      0.00038388
    686.00000000      0.11093252      0.00038483
    687.00000000      0.11131735      0.00038579
    688.00000000      0.11170314      0.00038675
    689.00000000      0.11208988      0.00038771
    690.00000000      0.11247759      0.00038867
    691.00000000      0.11286627      0.00038964
    692.00000000      0.11325591      0.00039061
    693.00000000      0.11364652      0.00039158
    694.00000000      0.11403810      0.00039256
    695.00000000      0.11443066      0.00039353
    696.00000000      0.11482419      0.00039451
    697.00000000      0.11521871      0.00039549
    698.00000000      0.11561420      0.00039648
    699.00000000      0.11601068      0.00039746
    700.00000000      0.11640814      0.00039845
    701.00000000      0.11680659      0.00039944
    702.00000000      0.11720604      0.00040044
    703.00000000      0.11760647      0.00040143
    704.00000000      0.11800791      0.00040243
    705.00000000      0.11841034      0.00040343
    706.00000000      0.11881377      0.00040444
    707.00000000      0.11921821      0.00040544
    708.00000000      0.11962365      0.00040645
    709.00000000      0.12003011      0.00040746
    710.00000000      0.12043757      0.00040848
    711.00000000      0.12084605      0.00040949
    712.00000000      0.12125554      0.00041051
    713.00000000      0.12166605      0.00041153
    714.00000000      0.12207758      0.00041256
    715.00000000      0.12249014      0.00041358
    716.00000000      0.12290372      0.00041461
    717.00000000      0.12331833      0.00041564
    718.00000000      0.12373397      0.00041668
    719.00000000      0.12415065      0.00041771
    720.00000000      0.12456836      0.00041875
    721.00000000      0.12498712      0.00041979
    722.00000000      0.12540691      0.00042084
    723.00000000      0.12582775      0.00042189
    724.00000000      0.12624963      0.00042293
    725.00000000      0.12667257      0.00042399
    726.00000000      0.12709656      0.00042504
    727.00000000      0.12752160      0.00042610
    728.00000000      0.12794770      0.00042716
    729.00000000      0.12837486      0.00042822
    730.00000000      0.12880308      0.00042929
    731.00000000      0.12923236      0.00043035
    732.00000000      0.12966272      0.00043143
    733.00000000      0.13009415      0.00043250
    734.00000000      0.13052664      0.00043357
    735.00000000      0.13096022      0.00043465
    736.00000000      0.13139487      0.00043573
    737.00000000      0.13183061      0.00043682
    738.00000000      0.13226742      0.00043791
    739.00000000      0.13270533      0.00043899
    740.00000000      0.13314432      0.00044009
    741.00000000      0.13358441      0.00044118
    742.00000000      0.13402559      0.00044228
    743.00000000      0.13446787      0.00044338
    744.00000000      0.13491125      0.00044448
    745.00000000      0.13535573      0.00044559
    746.00000000      0.13580132      0.00044670
    747.00000000      0.13624802      0.00044781
    748.00000000      0.13669582      0.00044892
    749.00000000      0.13714474      0.00045004
    750.00000000      0.13759478      0.00045116
    751.00000000      0.13804594      0.00045228
    752.00000000      0.13849822      0.00045341
    753.00000000      0.13895163      0.00045453
    754.00000000      0.13940616      0.00045566
    755.00000000      0.13986182      0.00045680
    756.00000000      0.14031862      0.00045793
    757.00000000      0.14077655      0.00045907
    758.00000000      0.14123563      0.00046021
    759.00000000      0.14169584      0.00046136
    760.00000000      0.14215720      0.00046251
    761.00000000      0.14261971      0.00046366
    762.00000000      0.14308337      0.00046481
    763.00000000      0.14354818      0.00046597
    764.00000000      0.14401415      0.00046713
    765.00000000      0.14448127      0.00046829
    766.00000000      0.14494956      0.00046945
    767.00000000      0.14541901      0.00047062
    768.00000000      0.14588964      0.00047179
    769.00000000      0.14636143      0.00047297
    770.00000000      0.14683440      0.00047414
    771.00000000      0.14730854      0.00047532
    772.00000000      0.14778386      0.00047650
    773.00000000      0.14826036      0.00047769
    774.00000000      0.14873805      0.00047888
    775.00000000      0.14921693      0.00048007
    776.00000000      0.14969700      0.00048126
    777.00000000      0.15017827      0.00048246
    778.00000000      0.15066073      0.00048366
    779.00000000      0.15114439      0.00048486
    780.00000000      0.15162925      0.00048607
    781.00000000      0.15211532      0.00048728
    782.00000000      0.15260260      0.00048849
    783.00000000      0.15309110      0.00048971
    784.00000000      0.15358080      0.00049093
    785.00000000      0.15407173      0.00049215
    786.00000000      0.15456388      0.00049337
    787.00000000      0.15505725      0.00049460
    788.00000000      0.15555184      0.00049583
    789.00000000      0.15604767      0.00049706
    790.00000000      0.15654474      0.00049830
    791.00000000      0.15704303      0.00049954
    792.00000000      0.15754257      0.00050078
    793.00000000      0.15804335      0.00050203
    794.00000000      0.15854538      0.00050328
    795.00000000      0.15904866      0.00050453
    796.00000000      0.15955318      0.00050578
    797.00000000      0.16005897      0.00050704
    798.00000000      0.16056601      0.00050830
    799.00000000      0.16107431      0.00050957
    800.00000000      0.16158388      0.00051083
    801.00000000      0.16209471      0.00051211
    802.00000000      0.16260682      0.00051338
    803.00000000      0.16312019      0.00051466
    804.00000000      0.16363485      0.00051594
    805.00000000      0.16415079      0.00051722
    806.00000000      0.16466801      0.00051851
    807.00000000      0.16518651      0.00051980
    808.00000000      0.16570631      0.00052109
    809.00000000      0.16622740      0.00052239
    810.00000000      0.16674979      0.00052369
    811.00000000      0.16727347      0.00052499
    812.00000000      0.16779846      0.00052629
    813.00000000      0.16832475      0.00052760
    814.00000000      0.16885236      0.00052892
    815.00000000      0.16938127      0.00053023
    816.00000000      0.16991150      0.00053155
    817.00000000      0.17044305      0.00053287
    818.00000000      0.17097593      0.00053420
    819.00000000      0.17151013      0.00053553
    820.00000000      0.17204565      0.00053686
    821.00000000      0.17258251      0.00053820
    822.00000000      0.17312071      0.00053953
    823.00000000      0.17366024      0.00054088
    824.00000000      0.17420112      0.00054222
    825.00000000      0.17474334      0.00054357
    826.00000000      0.17528691      0.00054492
    827.00000000      0.17583183      0.00054628
    828.00000000      0.17637811      0.00054764
    829.00000000      0.17692575      0.00054900
    830.00000000      0.17747475      0.00055037
    831.00000000      0.17802512      0.00055173
    832.00000000      0.17857685      0.00055311
    833.00000000      0.17912996      0.00055448
    834.00000000      0.17968444      0.00055586
    835.00000000      0.18024030      0.00055725
    836.00000000      0.18079755      0.00055863
    837.00000000      0.18135618      0.00056002
    838.00000000      0.18191620      0.00056141
    839.00000000      0.18247761      0.00056281
    840.00000000      0.18304042      0.00056421
    841.00000000      0.18360464      0.00056561
    842.00000000      0.18417025      0.00056702
    843.00000000      0.18473727      0.00056843
    844.00000000      0.18530570      0.00056985
    845.00000000      0.18587555      0.00057126
    846.00000000      0.18644681      0.00057268
    847.00000000      0.18701950      0.00057411
    848.00000000      0.18759361      0.00057554
    849.00000000      0.18816915      0.00057697
    850.00000000      0.18874612      0.00057840
    851.00000000      0.18932452      0.00057984
    852.00000000      0.18990436      0.00058129
    853.00000000      0.19048565      0.00058273
    854.00000000      0.19106838      0.00058418
    855.00000000      0.19165256      0.00058563
    856.00000000      0.19223820      0.00058709
    857.00000000      0.19282529      0.00058855
    858.00000000      0.19341384      0.00059002
    859.00000000      0.19400386      0.00059148
    860.00000000      0.19459534      0.00059296
    861.00000000      0.19518830      0.00059443
    862.00000000      0.19578273      0.00059591
    863.00000000      0.19637864      0.00059739
    864.00000000      0.19697603      0.00059888
    865.00000000      0.19757491      0.00060037
    866.00000000      0.19817528      0.00060186
    867.00000000      0.19877714      0.00060336
    868.00000000      0.19938050      0.00060486
    869.00000000      0.19998536      0.00060636
    870.00000000      0.20059172      0.00060787
    871.00000000      0.20119959      0.00060938
    872.00000000      0.20180898      0.00061090
    873.00000000      0.20241988      0.00061242
    874.00000000      0.20303230      0.00061394
    875.00000000      0.20364624      0.00061547
    876.00000000      0.20426171      0.00061700
    877.00000000      0.20487871      0.00061854
    878.00000000      0.20549725      0.00062008
    879.00000000      0.20611733      0.00062162
    880.00000000      0.20673895      0.00062316
    881.00000000      0.20736211      0.00062471
    882.00000000      0.20798683      0.00062627
    883.00000000      0.20861309      0.00062783
    884.00000000      0.20924092      0.00062939
    885.00000000      0.20987031      0.00063095
    886.00000000      0.21050126      0.00063252
    887.00000000      0.21113379      0.00063410
    888.00000000      0.21176789      0.00063568
    889.00000000      0.21240356      0.00063726
    890.00000000      0.21304082      0.00063884
    891.00000000      0.21367966      0.00064043
    892.00000000      0.21432009      0.00064202
    893.00000000      0.21496211      0.00064362
    894.00000000      0.21560574      0.00064522
    895.00000000      0.21625096      0.00064683
    896.00000000      0.21689779      0.00064844
    897.00000000      0.21754622      0.00065005
    898.00000000      0.21819627      0.00065167
    899.00000000      0.21884794      0.00065329
    900.00000000      0.21950123      0.00065491
    901.00000000      0.22015614      0.00065654
    902.00000000      0.22081268      0.00065818
    903.00000000      0.22147086      0.00065981
    904.00000000      0.22213067      0.00066145
    905.00000000      0.22279212      0.00066310
    906.00000000      0.22345522      0.00066475
    907.00000000      0.22411997      0.00066640
    908.00000000      0.22478637      0.00066806
    909.00000000      0.22545443      0.00066972
    910.00000000      0.22612416      0.00067139
    911.00000000      0.22679555      0.00067306
    912.00000000      0.22746860      0.00067473
    913.00000000      0.22814334      0.00067641
    914.00000000      0.22881975      0.00067809
    915.00000000      0.22949784      0.00067978
    916.00000000      0.23017762      0.00068147
    917.00000000      0.23085910      0.00068317
    918.00000000      0.23154226      0.00068487
    919.00000000      0.23222713      0.00068657
    920.00000000      0.23291370      0.00068828
    921.00000000      0.23360198      0.00068999
    922.00000000      0.23429197      0.00069171
    923.00000000      0.23498368      0.00069343
    924.00000000      0.23567711      0.00069515
    925.00000000      0.23637226      0.00069688
    926.00000000      0.23706914      0.00069862
    927.00000000      0.23776776      0.00070035
    928.00000000      0.23846811      0.00070210
    929.00000000      0.23917021      0.00070384
    930.00000000      0.23987405      0.00070559
    931.00000000      0.24057964      0.00070735
    932.00000000      0.24128699      0.00070911
    933.00000000      0.24199610      0.00071087
    934.00000000      0.24270697      0.00071264
    935.00000000      0.24341961      0.00071441
    936.00000000      0.24413403      0.00071619
    937.00000000      0.24485022      0.00071797
    938.00000000      0.24556819      0.00071976
    939.00000000      0.24628795      0.00072155
    940.00000000      0.24700950      0.00072334
    941.00000000      0.24773284      0.00072514
    942.00000000      0.24845799      0.00072695
    943.00000000      0.24918493      0.00072876
    944.00000000      0.24991369      0.00073057
    945.00000000      0.25064426      0.00073239
    946.00000000      0.25137664      0.00073421
    947.00000000      0.25211085      0.00073603
    948.00000000      0.25284689      0.00073787
    949.00000000      0.25358475      0.00073970
    950.00000000      0.25432445      0.00074154
    951.00000000      0.25506599      0.00074339
    952.00000000      0.25580938      0.00074524
    953.00000000      0.25655461      0.00074709
    954.00000000      0.25730170      0.00074895
    955.00000000      0.25805065      0.00075081
    956.00000000      0.25880146      0.00075268
    957.00000000      0.25955414      0.00075455
    958.00000000      0.26030869      0.00075643
    959.00000000      0.26106512      0.00075831
    960.00000000      0.26182343      0.00076020
    961.00000000      0.26258363      0.00076209
    962.00000000      0.26334571      0.00076398
    963.00000000      0.26410970      0.00076588
    964.00000000      0.26487558      0.00076779
    965.00000000      0.26564337      0.00076970
    966.00000000      0.26641307      0.00077161
    967.00000000      0.26718468      0.00077353
    968.00000000      0.26795821      0.00077546
    969.00000000      0.26873367      0.00077739
    970.00000000      0.26951106      0.00077932
    971.00000000      0.27029038      0.00078126
    972.00000000      0.27107164      0.00078320
    973.00000000      0.27185484      0.00078515
    974.00000000      0.27263999      0.00078710
    975.00000000      0.27342709      0.00078906
    976.00000000      0.27421616      0.00079102
    977.00000000      0.27500718      0.00079299
    978.00000000      0.27580017      0.00079497
    979.00000000      0.27659514      0.00079694
    980.00000000      0.27739208      0.00079893
    981.00000000      0.27819101      0.00080091
    982.00000000      0.27899192      0.00080291
    983.00000000      0.27979483      0.00080490
    984.00000000      0.28059973      0.00080691
    985.00000000      0.28140663      0.00080891
    986.00000000      0.28221555      0.00081092
    987.00000000      0.28302647      0.00081294
    988.00000000      0.28383941      0.00081496
    989.00000000      0.28465438      0.00081699
    990.00000000      0.28547137      0.00081902
    991.00000000      0.28629039      0.00082106
    992.00000000      0.28711145      0.00082310
    993.00000000      0.28793456      0.00082515
    994.00000000      0.28875971      0.00082720
    995.00000000      0.28958691      0.00082926
    996.00000000      0.29041618      0.00083133
    997.00000000      0.29124750      0.00083339
    998.00000000      0.29208089      0.00083547
    999.00000000      0.29291636      0.00083754
   1000.00000000      0.29375390      0.00083963
   1001.00000000      0.29459353      0.00084172
   1002.00000000      0.29543525      0.00084381
   1003.00000000      0.29627906      0.00084591
   1004.00000000      0.29712497      0.00084801
   1005.00000000      0.29797298      0.00085012
   1006.00000000      0.29882311      0.00085224
   1007.00000000      0.29967535      0.00085436
   1008.00000000      0.30052971      0.00085648
   1009.00000000      0.30138619      0.00085861
   1010.00000000      0.30224480      0.00086075
   1011.00000000      0.30310555      0.00086289
   1012.00000000      0.30396845      0.00086504
   1013.00000000      0.30483349      0.00086719
   1014.00000000      0.30570068      0.00086935
   1015.00000000      0.30657002      0.00087151
   1016.00000000      0.30744153      0.00087368
   1017.00000000      0.30831521      0.00087585
   1018.00000000      0.30919106      0.00087803
   1019.00000000      0.31006909      0.00088021
   1020.00000000      0.31094931      0.00088240
   1021.00000000      0.31183171      0.00088460
   1022.00000000      0.31271631      0.00088680
   1023.00000000      0.31360311      0.00088901
   1024.00000000      0.31449212      0.00089122
   1025.00000000      0.31538334      0.00089343
   1026.00000000      0.31627677      0.00089566
   1027.00000000      0.31717243      0.00089789
   1028.00000000      0.31807031      0.00090012
   1029.00000000      0.31897043      0.00090236
   1030.00000000      0.31987279      0.00090460
   1031.00000000      0.32077739      0.00090685
   1032.00000000      0.32168425      0.00090911
   1033.00000000      0.32259336      0.00091137
   1034.00000000      0.32350473      0.00091364
   1035.00000000      0.32441837      0.00091591
   1036.00000000      0.32533428      0.00091819
   1037.00000000      0.32625247      0.00092047
   1038.00000000      0.32717294      0.00092276
   1039.00000000      0.32809570      0.00092506
   1040.00000000      0.32902076      0.00092736
   1041.00000000      0.32994812      0.00092736
   1042.00000000      0.33087548      0.00092833
   1043.00000000      0.33180381      0.00092929
   1044.00000000      0.33273310      0.00093026
   1045.00000000      0.33366336      0.00093123
   1046.00000000      0.33459459      0.00093220
   1047.00000000      0.33552679      0.00093317
   1048.00000000      0.33645996      0.00093414
   1049.00000000      0.33739410      0.00093511
   1050.00000000      0.33832921      0.00093609
   1051.00000000      0.33926530      0.00093706
   1052.00000000      0.34020236      0.00093804
   1053.00000000      0.34114040      0.00093901
   1054.00000000      0.34207942      0.00093999
   1055.00000000      0.34301941      0.00094097
   1056.00000000      0.34396038      0.00094195
   1057.00000000      0.34490233      0.00094293
   1058.00000000      0.34584526      0.00094391
   1059.00000000      0.34678918      0.00094490
   1060.00000000      0.34773408      0.00094588
   1061.00000000      0.34867996      0.00094687
   1062.00000000      0.34962682      0.00094785
   1063.00000000      0.35057468      0.00094884
   1064.00000000      0.35152351      0.00094983
   1065.00000000      0.35247334      0.00095082
   1066.00000000      0.35342416      0.00095181
   1067.00000000      0.35437596      0.00095280
   1068.00000000      0.35532876      0.00095379
   1069.00000000      0.35628255      0.00095478
   1070.00000000      0.35723734      0.00095578
   1071.00000000      0.35819311      0.00095677
   1072.00000000      0.35914989      0.00095777
   1073.00000000      0.36010765      0.00095877
   1074.00000000      0.36106642      0.00095976
   1075.00000000      0.36202619      0.00096076
   1076.00000000      0.36298695      0.00096176
   1077.00000000      0.36394871      0.00096277
   1078.00000000      0.36491148      0.00096377
   1079.00000000      0.36587525      0.00096477
   1080.00000000      0.36684002      0.00096578
   1081.00000000      0.36780580      0.00096678
   1082.00000000      0.36877258      0.00096779
   1083.00000000      0.36974037      0.00096880
   1084.00000000      0.37070917      0.00096981
   1085.00000000      0.37167897      0.00097082
   1086.00000000      0.37264979      0.00097183
   1087.00000000      0.37362162      0.00097284
   1088.00000000      0.37459446      0.00097385
   1089.00000000      0.37556831      0.00097487
   1090.00000000      0.37654317      0.00097588
   1091.00000000      0.37751906      0.00097690
   1092.00000000      0.37849595      0.00097791
   1093.00000000      0.37947387      0.00097893
   1094.00000000      0.38045280      0.00097995
   1095.00000000      0.38143275      0.00098097
   1096.00000000      0.38241373      0.00098199
   1097.00000000      0.38339572      0.00098302
   1098.00000000      0.38437874      0.00098404
   1099.00000000      0.38536278      0.00098507
   1100.00000000      0.38634784      0.00098609
   1101.00000000      0.38733394      0.00098712
   1102.00000000      0.38832105      0.00098815
   1103.00000000      0.38930920      0.00098918
   1104.00000000      0.39029837      0.00099021
   1105.00000000      0.39128858      0.00099124
   1106.00000000      0.39227982      0.00099227
   1107.00000000      0.39327208      0.00099330
   1108.00000000      0.39426539      0.00099434
   1109.00000000      0.39525972      0.00099537
   1110.00000000      0.39625509      0.00099641
   1111.00000000      0.39725150      0.00099745
   1112.00000000      0.39824895      0.00099848
   1113.00000000      0.39924743      0.00099952
   1114.00000000      0.40024696      0.00100056
   1115.00000000      0.40124752      0.00100161
   1116.00000000      0.40224913      0.00100265
   1117.00000000      0.40325178      0.00100369
   1118.00000000      0.40425547      0.00100474
   1119.00000000      0.40526021      0.00100579
   1120.00000000      0.40626600      0.00100683
   1121.00000000      0.40727283      0.00100788
   1122.00000000      0.40828071      0.00100893
   1123.00000000      0.40928964      0.00100998
   1124.00000000      0.41029962      0.00101103
   1125.00000000      0.41131066      0.00101209
   1126.00000000      0.41232274      0.00101314
   1127.00000000      0.41333588      0.00101419
   1128.00000000      0.41435008      0.00101525
   1129.00000000      0.41536533      0.00101631
   1130.00000000      0.41638164      0.00101737
   1131.00000000      0.41739900      0.00101843
   1132.00000000      0.41841743      0.00101949
   1133.00000000      0.41943691      0.00102055
   1134.00000000      0.42045746      0.00102161
   1135.00000000      0.42147907      0.00102267
   1136.00000000      0.42250175      0.00102374
   1137.00000000      0.42352549      0.00102481
   1138.00000000      0.42455029      0.00102587
   1139.00000000      0.42557617      0.00102694
   1140.00000000      0.42660311      0.00102801
   1141.00000000      0.42763112      0.00102908
   1142.00000000      0.42866020      0.00103015
   1143.00000000      0.42969035      0.00103123
   1144.00000000      0.43072158      0.00103230
   1145.00000000      0.43175388      0.00103337
   1146.00000000      0.43278725      0.00103445
   1147.00000000      0.43382170      0.00103553
   1148.00000000      0.43485723      0.00103661
   1149.00000000      0.43589384      0.00103769
   1150.00000000      0.43693152      0.00103877
   1151.00000000      0.43797029      0.00103985
   1152.00000000      0.43901013      0.00104093
   1153.00000000      0.44005107      0.00104201
   1154.00000000      0.44109308      0.00104310
   1155.00000000      0.44213618      0.00104419
   1156.00000000      0.44318037      0.00104527
   1157.00000000      0.44422564      0.00104636
   1158.00000000      0.44527200      0.00104745
   1159.00000000      0.44631945      0.00104854
   1160.00000000      0.44736799      0.00104963
   1161.00000000      0.44841763      0.00105073
   1162.00000000      0.44946835      0.00105182
   1163.00000000      0.45052017      0.00105292
   1164.00000000      0.45157309      0.00105401
   1165.00000000      0.45262710      0.00105511
   1166.00000000      0.45368221      0.00105621
   1167.00000000      0.45473842      0.00105731
   1168.00000000      0.45579573      0.00105841
   1169.00000000      0.45685414      0.00105951
   1170.00000000      0.45791365      0.00106062
   1171.00000000      0.45897427      0.00106172
   1172.00000000      0.46003599      0.00106283
   1173.00000000      0.46109882      0.00106393
   1174.00000000      0.46216275      0.00106504
   1175.00000000      0.46322779      0.00106615
   1176.00000000      0.46429394      0.00106726
   1177.00000000      0.46536120      0.00106837
   1178.00000000      0.46642957      0.00106948
   1179.00000000      0.46749905      0.00107060
   1180.00000000      0.46856965      0.00107171
   1181.00000000      0.46964136      0.00107283
   1182.00000000      0.47071419      0.00107395
   1183.00000000      0.47178813      0.00107506
   1184.00000000      0.47286320      0.00107618
   1185.00000000      0.47393938      0.00107730
   1186.00000000      0.47501668      0.00107843
   1187.00000000      0.47609511      0.00107955
   1188.00000000      0.47717466      0.00108067
   1189.00000000      0.47825533      0.00108180
   1190.00000000      0.47933713      0.00108292
   1191.00000000      0.48042005      0.00108405
   1192.00000000      0.48150411      0.00108518
   1193.00000000      0.48258929      0.00108631
   1194.00000000      0.48367560      0.00108744
   1195.00000000      0.48476304      0.00108857
   1196.00000000      0.48585162      0.00108971
   1197.00000000      0.48694132      0.00109084
   1198.00000000      0.48803217      0.00109198
   1199.00000000      0.48912415      0.00109312
   1200.00000000      0.49021726      0.00109425
   1201.00000000      0.49131152      0.00109539
   1202.00000000      0.49240691      0.00109653
   1203.00000000      0.49350345      0.00109768
   1204.00000000      0.49460112      0.00109882
   1205.00000000      0.49569994      0.00109996
   1206.00000000      0.49679991      0.00110111
   1207.00000000      0.49790101      0.00110226
   1208.00000000      0.49900327      0.00110340
   1209.00000000      0.50010667      0.00110455
   1210.00000000      0.50121123      0.00110570
   1211.00000000      0.50231693      0.00110685
   1212.00000000      0.50342378      0.00110801
   1213.00000000      0.50453179      0.00110916
   1214.00000000      0.50564095      0.00111032
   1215.00000000      0.50675127      0.00111147
   1216.00000000      0.50786274      0.00111263
   1217.00000000      0.50897537      0.00111379
   1218.00000000      0.51008916      0.00111495
   1219.00000000      0.51120410      0.00111611
   1220.00000000      0.51232021      0.00111727
   1221.00000000      0.51343748      0.00111843
   1222.00000000      0.51455592      0.00111960
   1223.00000000      0.51567552      0.00112077
   1224.00000000      0.51679628      0.00112193
   1225.00000000      0.51791822      0.00112310
   1226.00000000      0.51904132      0.00112427
   1227.00000000      0.52016559      0.00112544
   1228.00000000      0.52129103      0.00112661
   1229.00000000      0.52241764      0.00112779
   1230.00000000      0.52354543      0.00112896
   1231.00000000      0.52467439      0.00113014
   1232.00000000      0.52580452      0.00113131
   1233.00000000      0.52693584      0.00113249
   1234.00000000      0.52806833      0.00113367
   1235.00000000      0.52920200      0.00113485
   1236.00000000      0.53033685      0.00113603
   1237.00000000      0.53147288      0.00113722
   1238.00000000      0.53261010      0.00113840
   1239.00000000      0.53374850      0.00113959
   1240.00000000      0.53488808      0.00114077
   1241.00000000      0.53602885      0.00114196
   1242.00000000      0.53717081      0.00114315
   1243.00000000      0.53831396      0.00114434
   1244.00000000      0.53945830      0.00114553
   1245.00000000      0.54060383      0.00114672
   1246.00000000      0.54175056      0.00114792
   1247.00000000      0.54289847      0.00114911
   1248.00000000      0.54404759      0.00115031
   1249.00000000      0.54519790      0.00115151
   1250.00000000      0.54634941      0.00115271
   1251.00000000      0.54750211      0.00115391
   1252.00000000      0.54865602      0.00115511
   1253.00000000      0.54981113      0.00115631
   1254.00000000      0.55096744      0.00115752
   1255.00000000      0.55212496      0.00115872
   1256.00000000      0.55328368      0.00115993
   1257.00000000      0.55444361      0.00116114
   1258.00000000      0.55560474      0.00116234
   1259.00000000      0.55676709      0.00116356
   1260.00000000      0.55793064      0.00116477
   1261.00000000      0.55909541      0.00116598
   1262.00000000      0.56026139      0.00116719
   1263.00000000      0.56142858      0.00116841
   1264.00000000      0.56259699      0.00116963
   1265.00000000      0.56376662      0.00117084
   1266.00000000      0.56493746      0.00117206
   1267.00000000      0.56610953      0.00117328
   1268.00000000      0.56728281      0.00117451
   1269.00000000      0.56845732      0.00117573
   1270.00000000      0.56963305      0.00117695
   1271.00000000      0.57081000      0.00117818
   1272.00000000      0.57198818      0.00117941
   1273.00000000      0.57316758      0.00118063
   1274.00000000      0.57434822      0.00118186
   1275.00000000      0.57553008      0.00118309
   1276.00000000      0.57671318      0.00118433
   1277.00000000      0.57789750      0.00118556
   1278.00000000      0.57908306      0.00118679
   1279.00000000      0.58026985      0.00118803
   1280.00000000      0.58145788      0.00118927
   1281.00000000      0.58264715      0.00119051
   1282.00000000      0.58383766      0.00119175
   1283.00000000      0.58502940      0.00119299
   1284.00000000      0.58622239      0.00119423
   1285.00000000      0.58741662      0.00119547
   1286.00000000      0.58861209      0.00119672
   1287.00000000      0.58980880      0.00119796
   1288.00000000      0.59100677      0.00119921
   1289.00000000      0.59220598      0.00120046
   1290.00000000      0.59340644      0.00120171
   1291.00000000      0.59460815      0.00120296
   1292.00000000      0.59581111      0.00120421
   1293.00000000      0.59701532      0.00120547
   1294.00000000      0.59822079      0.00120672
   1295.00000000      0.59942751      0.00120798
   1296.00000000      0.60063549      0.00120924
   1297.00000000      0.60184473      0.00121050
   1298.00000000      0.60305522      0.00121176
   1299.00000000      0.60426698      0.00121302
   1300.00000000      0.60548000      0.00121428
   1301.00000000      0.60669428      0.00121555
   1302.00000000      0.60790983      0.00121681
   1303.00000000      0.60912664      0.00121808
   1304.00000000      0.61034472      0.00121935
   1305.00000000      0.61156407      0.00122062
   1306.00000000      0.61278469      0.00122189
   1307.00000000      0.61400657      0.00122316
   1308.00000000      0.61522974      0.00122443
   1309.00000000      0.61645417      0.00122571
   1310.00000000      0.61767988      0.00122699
   1311.00000000      0.61890687      0.00122826
   1312.00000000      0.62013513      0.00122954
   1313.00000000      0.62136467      0.00123082
   1314.00000000      0.62259550      0.00123211
   1315.00000000      0.62382760      0.00123339
   1316.00000000      0.62506099      0.00123467
   1317.00000000      0.62629566      0.00123596
   1318.00000000      0.62753162      0.00123725
   1319.00000000      0.62876887      0.00123853
   1320.00000000      0.63000740      0.00123982
   1321.00000000      0.63124722      0.00124111
   1322.00000000      0.63248834      0.00124241
   1323.00000000      0.63373074      0.00124370
   1324.00000000      0.63497444      0.00124500
   1325.00000000      0.63621944      0.00124629
   1326.00000000      0.63746573      0.00124759
   1327.00000000      0.63871332      0.00124889
   1328.00000000      0.63996221      0.00125019
   1329.00000000      0.64121240      0.00125149
   1330.00000000      0.64246389      0.00125279
   1331.00000000      0.64371669      0.00125410
   1332.00000000      0.64497079      0.00125541
   1333.00000000      0.64622619      0.00125671
   1334.00000000      0.64748290      0.00125802
   1335.00000000      0.64874093      0.00125933
   1336.00000000      0.65000026      0.00126064
   1337.00000000      0.65126090      0.00126196
   1338.00000000      0.65252286      0.00126327
   1339.00000000      0.65378613      0.00126459
   1340.00000000      0.65505071      0.00126590
   1341.00000000      0.65631661      0.00126722
   1342.00000000      0.65758383      0.00126854
   1343.00000000      0.65885237      0.00126986
   1344.00000000      0.66012223      0.00127118
   1345.00000000      0.66139342      0.00127251
   1346.00000000      0.66266592      0.00127383
   1347.00000000      0.66393975      0.00127516
   1348.00000000      0.66521491      0.00127649
   1349.00000000      0.66649140      0.00127782
   1350.00000000      0.66776922      0.00127915
   1351.00000000      0.66904836      0.00128048
   1352.00000000      0.67032884      0.00128181
   1353.00000000      0.67161065      0.00128315
   1354.00000000      0.67289380      0.00128448
   1355.00000000      0.67417828      0.00128582
   1356.00000000      0.67546410      0.00128716
   1357.00000000      0.67675126      0.00128850
   1358.00000000      0.67803976      0.00128984
   1359.00000000      0.67932960      0.00129118
   1360.00000000      0.68062078      0.00129253
   1361.00000000      0.68191331      0.00129387
   1362.00000000      0.68320719      0.00129522
   1363.00000000      0.68450241      0.00129657
   1364.00000000      0.68579898      0.00129792
   1365.00000000      0.68709690      0.00129927
   1366.00000000      0.68839618      0.00130063
   1367.00000000      0.68969680      0.00130198
   1368.00000000      0.69099878      0.00130334
   1369.00000000      0.69230212      0.00130469
   1370.00000000      0.69360681      0.00130605
   1371.00000000      0.69491286      0.00130741
   1372.00000000      0.69622028      0.00130877
   1373.00000000      0.69752905      0.00131014
   1374.00000000      0.69883919      0.00131150
   1375.00000000      0.70015069      0.00131287
   1376.00000000      0.70146355      0.00131423
   1377.00000000      0.70277779      0.00131560
   1378.00000000      0.70409339      0.00131697
   1379.00000000      0.70541036      0.00131834
   1380.00000000      0.70672870      0.00131972
   1381.00000000      0.70804842      0.00132109
   1382.00000000      0.70936951      0.00132247
   1383.00000000      0.71069198      0.00132384
   1384.00000000      0.71201582      0.00132522
   1385.00000000      0.71334104      0.00132660
   1386.00000000      0.71466764      0.00132798
   1387.00000000      0.71599563      0.00132937
   1388.00000000      0.71732499      0.00133075
   1389.00000000      0.71865574      0.00133214
   1390.00000000      0.71998788      0.00133352
   1391.00000000      0.72132140      0.00133491
   1392.00000000      0.72265632      0.00133630
   1393.00000000      0.72399262      0.00133769
   1394.00000000      0.72533031      0.00133909
   1395.00000000      0.72666940      0.00134048
   1396.00000000      0.72800988      0.00134188
   1397.00000000      0.72935176      0.00134327
   1398.00000000      0.73069503      0.00134467
   1399.00000000      0.73203970      0.00134607
   1400.00000000      0.73338578      0.00134748
   1401.00000000      0.73473325      0.00134888
   1402.00000000      0.73608213      0.00135028
   1403.00000000      0.73743241      0.00135169
   1404.00000000      0.73878410      0.00135310
   1405.00000000      0.74013720      0.00135451
   1406.00000000      0.74149171      0.00135592
   1407.00000000      0.74284762      0.00135733
   1408.00000000      0.74420495      0.00135874
   1409.00000000      0.74556369      0.00136016
   1410.00000000      0.74692385      0.00136157
   1411.00000000      0.74828542      0.00136299
   1412.00000000      0.74964841      0.00136441
   1413.00000000      0.75101282      0.00136583
   1414.00000000      0.75237865      0.00136725
   1415.00000000      0.75374591      0.00136868
   1416.00000000      0.75511458      0.00137010
   1417.00000000      0.75648469      0.00137153
   1418.00000000      0.75785622      0.00137296
   1419.00000000      0.75922917      0.00137439
   1420.00000000      0.76060356      0.00137582
   1421.00000000      0.76197938      0.00137725
   1422.00000000      0.76335663      0.00137869
   1423.00000000      0.76473531      0.00138012
   1424.00000000      0.76611543      0.00138156
   1425.00000000      0.76749699      0.00138300
   1426.00000000      0.76887999      0.00138444
   1427.00000000      0.77026443      0.00138588
   1428.00000000      0.77165030      0.00138732
   1429.00000000      0.77303763      0.00138877
   1430.00000000      0.77442639      0.00139021
   1431.00000000      0.77581660      0.00139166
   1432.00000000      0.77720826      0.00139311
   1433.00000000      0.77860137      0.00139456
   1434.00000000      0.77999593      0.00139601
   1435.00000000      0.78139195      0.00139747
   1436.00000000      0.78278941      0.00139892
   1437.00000000      0.78418833      0.00140038
   1438.00000000      0.78558871      0.00140184
   1439.00000000      0.78699055      0.00140330
   1440.00000000      0.78839384      0.00140476
   1441.00000000      0.78979860      0.00140622
   1442.00000000      0.79120482      0.00140768
   1443.00000000      0.79261251      0.00140915
   1444.00000000      0.79402166      0.00141062
   1445.00000000      0.79543227      0.00141209
   1446.00000000      0.79684436      0.00141356
   1447.00000000      0.79825792      0.00141503
   1448.00000000      0.79967295      0.00141650
   1449.00000000      0.80108945      0.00141798
   1450.00000000      0.80250743      0.00141945
   1451.00000000      0.80392688      0.00142093
   1452.00000000      0.80534781      0.00142241
   1453.00000000      0.80677023      0.00142389
   1454.00000000      0.80819412      0.00142538
   1455.00000000      0.80961949      0.00142686
   1456.00000000      0.81104636      0.00142835
   1457.00000000      0.81247470      0.00142983
   1458.00000000      0.81390453      0.00143132
   1459.00000000      0.81533586      0.00143281
   1460.00000000      0.81676867      0.00143431
   1461.00000000      0.81820298      0.00143580
   1462.00000000      0.81963877      0.00143729
   1463.00000000      0.82107607      0.00143879
   1464.00000000      0.82251486      0.00144029
   1465.00000000      0.82395515      0.00144179
   1466.00000000      0.82539694      0.00144329
   1467.00000000      0.82684023      0.00144479
   1468.00000000      0.82828502      0.00144630
   1469.00000000      0.82973132      0.00144780
   1470.00000000      0.83117912      0.00144931
   1471.00000000      0.83262843      0.00145082
   1472.00000000      0.83407925      0.00145233
   1473.00000000      0.83553158      0.00145384
   1474.00000000      0.83698543      0.00145536
   1475.00000000      0.83844078      0.00145687
   1476.00000000      0.83989766      0.00145839
   1477.00000000      0.84135605      0.00145991
   1478.00000000      0.84281596      0.00146143
   1479.00000000      0.84427739      0.00146295
   1480.00000000      0.84574034      0.00146447
   1481.00000000      0.84720481      0.00146600
   1482.00000000      0.84867081      0.00146753
   1483.00000000      0.85013834      0.00146905
   1484.00000000      0.85160739      0.00147058
   1485.00000000      0.85307797      0.00147212
   1486.00000000      0.85455009      0.00147365
   1487.00000000      0.85602374      0.00147518
   1488.00000000      0.85749892      0.00147672
   1489.00000000      0.85897564      0.00147826
   1490.00000000      0.86045390      0.00147980
   1491.00000000      0.86193369      0.00148134
   1492.00000000      0.86341503      0.00148288
   1493.00000000      0.86489791      0.00148442
   1494.00000000      0.86638233      0.00148597
   1495.00000000      0.86786830      0.00148752
   1496.00000000      0.86935582      0.00148907
   1497.00000000      0.87084489      0.00149062
   1498.00000000      0.87233550      0.00149217
   1499.00000000      0.87382767      0.00149372
   1500.00000000      0.87532140      0.00149528
   1501.00000000      0.87681667      0.00149684
   1502.00000000      0.87831351      0.00149839
   1503.00000000      0.87981190      0.00149995
   1504.00000000      0.88131186      0.00150152
   1505.00000000      0.88281337      0.00150308
   1506.00000000      0.88431645      0.00150465
   1507.00000000      0.88582110      0.00150621
   1508.00000000      0.88732731      0.00150778
   1509.00000000      0.88883509      0.00150935
   1510.00000000      0.89034444      0.00151092
   1511.00000000      0.89185537      0.00151250
   1512.00000000      0.89336786      0.00151407
   1513.00000000      0.89488193      0.00151565
   1514.00000000      0.89639758      0.00151723
   1515.00000000      0.89791480      0.00151881
   1516.00000000      0.89943361      0.00152039
   1517.00000000      0.90095400      0.00152197
   1518.00000000      0.90247597      0.00152356
   1519.00000000      0.90399952      0.00152514
   1520.00000000      0.90552467      0.00152673
   1521.00000000      0.90705140      0.00152832
   1522.00000000      0.90857972      0.00152991
   1523.00000000      0.91010963      0.00153150
   1524.00000000      0.91164113      0.00153310
   1525.00000000      0.91317423      0.00153470
   1526.00000000      0.91470893      0.00153629
   1527.00000000      0.91624522      0.00153789
   1528.00000000      0.91778312      0.00153950
   1529.00000000      0.91932261      0.00154110
   1530.00000000      0.92086371      0.00154270
   1531.00000000      0.92240641      0.00154431
   1532.00000000      0.92395072      0.00154592
   1533.00000000      0.92549664      0.00154753
   1534.00000000      0.92704417      0.00154914
   1535.00000000      0.92859331      0.00155075
   1536.00000000      0.93014406      0.00155237
   1537.00000000      0.93169643      0.00155398
   1538.00000000      0.93325041      0.00155560
   1539.00000000      0.93480601      0.00155722
   1540.00000000      0.93636323      0.00155884
   1541.00000000      0.93792208      0.00156047
   1542.00000000      0.93948254      0.00156209
   1543.00000000      0.94104464      0.00156372
   1544.00000000      0.94260835      0.00156535
   1545.00000000      0.94417370      0.00156698
   1546.00000000      0.94574068      0.00156861
   1547.00000000      0.94730929      0.00157024
   1548.00000000      0.94887953      0.00157188
   1549.00000000      0.95045141      0.00157351
   1550.00000000      0.95202492      0.00157515
   1551.00000000      0.95360007      0.00157679
   1552.00000000      0.95517687      0.00157843
   1553.00000000      0.95675530      0.00158008
   1554.00000000      0.95833538      0.00158172
   1555.00000000      0.95991710      0.00158337
   1556.00000000      0.96150047      0.00158502
   1557.00000000      0.96308549      0.00158667
   1558.00000000      0.96467217      0.00158832
   1559.00000000      0.96626049      0.00158998
   1560.00000000      0.96785046      0.00159163
   1561.00000000      0.96944210      0.00159329
   1562.00000000      0.97103539      0.00159495
   1563.00000000      0.97263034      0.00159661
   1564.00000000      0.97422695      0.00159827
   1565.00000000      0.97582522      0.00159994
   1566.00000000      0.97742515      0.00160160
   1567.00000000      0.97902676      0.00160327
   1568.00000000      0.98063003      0.00160494
   1569.00000000      0.98223497      0.00160661
   1570.00000000      0.98384158      0.00160828
   1571.00000000      0.98544986      0.00160996
   1572.00000000      0.98705982      0.00161164
   1573.00000000      0.98867146      0.00161331
   1574.00000000      0.99028477      0.00161499
   1575.00000000      0.99189977      0.00161668
   1576.00000000      0.99351644      0.00161836
   1577.00000000      0.99513480      0.00162004
   1578.00000000      0.99675485      0.00162173
   1579.00000000      0.99837658      0.00162342
   1580.00000000      1.00000000      0.00163154
   1581.00000000      1.00163154      0.00163970
   1582.00000000      1.00327123      0.00164789
   1583.00000000      1.00491913      0.00165613
   1584.00000000      1.00657526      0.00166441
   1585.00000000      1.00823967      0.00167274
   1586.00000000      1.00991241      0.00168110
   1587.00000000      1.01159351      0.00168951
   1588.00000000      1.01328301      0.00169795
   1589.00000000      1.01498097      0.00170644
   1590.00000000      1.01668741      0.00171497
   1591.00000000      1.01840238      0.00172355
   1592.00000000      1.02012593      0.00173217
   1593.00000000      1.02185810      0.00174083
   1594.00000000      1.02359893      0.00174953
   1595.00000000      1.02534846      0.00175828
   1596.00000000      1.02710674      0.00176707
   1597.00000000      1.02887381      0.00177591
   1598.00000000      1.03064972      0.00178479
   1599.00000000      1.03243450      0.00179371
   1600.00000000      1.03422821     -1.03422821
