           1           1   1.57079637050629     
           2           1   1.56855905345231     
           3           1   1.56628309629615     
           4           1   1.56396783169495     
           5           1   1.56161258078040     
           6           1   1.55921665295960     
           7           1   1.55677934571264     
           8           1   1.55429994438656     
           9           1   1.55177772198580     
          10           1   1.54921193895909     
          11           1   1.54660184298256     
          12           1   1.54394666873913     
          13           1   1.54124563769417     
          14           1   1.53849795786717     
          15           1   1.53570282359954     
          16           1   1.53285941531837     
          17           1   1.52996689929613     
          18           1   1.52702442740622     
          19           1   1.52403113687425     
          20           1   1.52098615002510     
          21           1   1.51788857402555     
          22           1   1.51473750062251     
          23           1   1.51153200587668     
          24           1   1.50827114989166     
          25           1   1.50495397653836     
          26           1   1.50157951317462     
          27           1   1.49814677036005     
          28           1   1.49465474156591     
          29           1   1.49110240287995     
          30           1   1.48748871270623     
          31           1   1.48381261145968     
          32           1   1.48007302125541     
          33           1   1.47626884559267     
          34           1   1.47239896903335     
          35           1   1.46846225687490     
          36           1   1.46445755481764     
          37           1   1.46038368862628     
          38           1   1.45623946378562     
          39           1   1.45202366515033     
          40           1   1.44773505658860     
          41           1   1.44337238061975     
          42           1   1.43893435804547     
          43           1   1.43441968757476     
          44           1   1.42982704544240     
          45           1   1.42515508502074     
          46           1   1.42040243642489     
          47           1   1.41556770611108     
          48           1   1.41064947646797     
          49           1   1.40564630540108     
          50           1   1.40055672590987     
          51           1   1.39537924565765     
          52           1   1.39011234653397     
          53           1   1.38475448420951     
          54           1   1.37930408768324     
          55           1   1.37375955882182     
          56           1   1.36811927189096     
          57           1   1.36238157307873     
          58           1   1.35654478001070     
          59           1   1.35060718125657     
          60           1   1.34456703582840     
          61           1   1.33842257267012     
          62           1   1.33217199013821     
          63           1   1.32581345547346     
          64           1   1.31934510426357     
          65           1   1.31276503989646     
          66           1   1.30607133300420     
          67           1   1.29926202089723     
          68           1   1.29233510698893     
          69           1   1.28528856021016     
          70           1   1.27812031441374     
          71           1   1.27082826776860     
          72           1   1.26341028214351     
          73           1   1.25586418248018     
          74           1   1.24818775615543     
          75           1   1.24037875233248     
          76           1   1.23243488130096     
          77           1   1.22435381380552     
          78           1   1.21613318036286     
          79           1   1.20777057056697     
          80           1   1.19926353238237     
          81           1   1.19060957142514     
          82           1   1.18180615023151     
          83           1   1.17285068751386     
          84           1   1.16374055740386     
          85           1   1.15447308868249     
          86           1   1.14504556399684     
          87           1   1.13545521906330     
          88           1   1.12569924185711     
          89           1   1.11577477178773     
          90           1   1.10567889886018     
          91           1   1.09540866282168     
          92           1   1.08496105229378     
          93           1   1.07433300388928     
          94           1   1.06352140131406     
          95           1   1.05252307445331     
          96           1   1.04133479844203     
          97           1   1.02995329271943     
          98           1   1.01837522006704     
          99           1   1.00659718563019     
         100           1  0.994615735922588     
         101           1  0.982427357813698     
         102           1  0.970028477498657     
         103           1  0.957415459450373     
         104           1  0.944584605353546     
         105           1  0.931532153020261     
         106           1  0.918254275286870     
         107           1  0.904747078891806     
         108           1  0.891006603334028     
         109           1  0.877028819711743     
         110           1  0.862809629541078     
         111           1  0.848344863554348     
         112           1  0.833630280477560     
         113           1  0.818661565786819     
         114           1  0.803434330443248     
         115           1  0.787944109606054     
         116           1  0.772186361323381     
         117           1  0.756156465200540     
         118           1  0.739849721045244     
         119           1  0.723261347489451     
         120           1  0.706386480587393     
         121           1  0.689220172389398     
         122           1  0.671757389491089     
         123           1  0.653993011557507     
         124           1  0.635921829821770     
         125           1  0.617538545557773     
         126           1  0.598837768526542     
         127           1  0.579814015395730     
         128           1  0.560461708131829     
         129           1  0.540775172364612     
         130           1  0.520748635723328     
         131           1  0.500376226144158     
         132           1  0.479651970148448     
         133           1  0.458569791091197     
         134           1  0.437123507379297     
         135           1  0.415306830659012     
         136           1  0.393113363972128     
         137           1  0.370536599880289     
         138           1  0.347569918556916     
         139           1  0.324206585846184     
         140           1  0.300439751288467     
         141           1  0.276262446111694     
         142           1  0.251667581188000     
         143           1  0.226647944955096     
         144           1  0.201196201301739     
         145           1  0.175304887416675     
         146           1  0.148966411600443     
         147           1  0.122173051039378     
         148           2  0.122173051039378     
         149           2  0.122173051039378     
         150           2  0.122173051039378     
         151           2  0.122173051039378     
         152           2  0.122173051039378     
         153           2  0.122173051039378     
         154           2  0.122173051039378     
         155           2  0.122173051039378     
         156           2  0.122173051039378     
         157           2  0.122173051039378     
         158           2  0.122173051039378     
         159           2  0.122173051039378     
         160           2  0.122173051039378     
         161           2  0.122173051039378     
         162           2  0.122173051039378     
         163           2  0.122173051039378     
         164           2  0.122173051039378     
         165           2  0.122173051039378     
         166           2  0.122173051039378     
         167           2  0.122173051039378     
         168           2  0.122173051039378     
         169           2  0.122173051039378     
         170           2  0.122173051039378     
         171           2  0.122173051039378     
         172           2  0.122173051039378     
         173           2  0.122173051039378     
         174           2  0.122173051039378     
         175           2  0.122173051039378     
         176           2  0.122173051039378     
         177           2  0.122173051039378     
         178           2  0.122173051039378     
         179           2  0.122173051039378     
         180           2  0.122173051039378     
         181           2  0.122173051039378     
         182           2  0.122173051039378     
         183           2  0.122173051039378     
         184           2  0.122173051039378     
         185           2  0.122173051039378     
         186           2  0.122173051039378     
         187           2  0.122173051039378     
         188           2  0.122173051039378     
         189           2  0.122173051039378     
         190           2  0.122173051039378     
         191           2  0.122173051039378     
         192           2  0.122173051039378     
         193           2  0.122173051039378     
         194           2  0.122173051039378     
         195           2  0.122173051039378     
         196           2  0.122173051039378     
         197           2  0.122173051039378     
         198           2  0.122173051039378     
         199           2  0.122173051039378     
         200           2  0.122173051039378     
         201           2  0.122173051039378     
         202           2  0.122173051039378     
         203           2  0.122173051039378     
         204           2  0.122173051039378     
         205           2  0.122173051039378     
         206           2  0.122173051039378     
         207           2  0.122173051039378     
         208           2  0.122173051039378     
         209           2  0.122173051039378     
         210           2  0.122173051039378     
         211           2  0.122173051039378     
         212           2  0.122173051039378     
         213           2  0.122173051039378     
         214           2  0.122173051039378     
         215           2  0.122173051039378     
         216           2  0.122173051039378     
         217           2  0.122173051039378     
         218           2  0.122173051039378     
         219           2  0.122173051039378     
         220           2  0.122173051039378     
         221           2  0.122173051039378     
         222           2  0.122173051039378     
         223           2  0.122173051039378     
         224           2  0.122173051039378     
         225           2  0.122173051039378     
         226           2  0.122173051039378     
         227           2  0.122173051039378     
         228           2  0.122173051039378     
         229           2  0.122173051039378     
         230           2  0.122173051039378     
         231           2  0.122173051039378     
         232           2  0.122173051039378     
         233           2  0.122173051039378     
         234           2  0.122173051039378     
         235           2  0.122173051039378     
         236           2  0.122173051039378     
         237           2  0.122173051039378     
         238           2  0.122173051039378     
         239           2  0.122173051039378     
         240           2  0.122173051039378     
         241           2  0.122173051039378     
         242           2  0.122173051039378     
         243           2  0.122173051039378     
         244           2  0.122173051039378     
         245           2  0.122173051039378     
         246           2  0.122173051039378     
         247           2  0.122173051039378     
         248           2  0.122173051039378     
         249           2  0.122173051039378     
         250           2  0.122173051039378     
         251           2  0.122173051039378     
         252           2  0.122173051039378     
         253           2  0.122173051039378     
         254           2  0.122173051039378     
         255           2  0.122173051039378     
         256           2  0.122173051039378     
         257           2  0.122173051039378     
         258           2  0.122173051039378     
         259           2  0.122173051039378     
         260           2  0.122173051039378     
         261           2  0.122173051039378     
         262           2  0.122173051039378     
         263           2  0.122173051039378     
         264           2  0.122173051039378     
         265           2  0.122173051039378     
         266           2  0.122173051039378     
         267           2  0.122173051039378     
         268           2  0.122173051039378     
         269           2  0.122173051039378     
         270           2  0.122173051039378     
         271           2  0.122173051039378     
         272           2  0.122173051039378     
         273           2  0.122173051039378     
         274           2  0.122173051039378     
         275           2  0.122173051039378     
         276           2  0.122173051039378     
         277           2  0.122173051039378     
         278           2  0.122173051039378     
         279           2  0.122173051039378     
         280           2  0.122173051039378     
         281           2  0.122173051039378     
         282           2  0.122173051039378     
         283           2  0.122173051039378     
         284           2  0.122173051039378     
         285           2  0.122173051039378     
         286           2  0.122173051039378     
         287           2  0.122173051039378     
         288           2  0.122173051039378     
         289           2  0.122173051039378     
         290           2  0.122173051039378     
         291           2  0.122173051039378     
         292           2  0.122173051039378     
         293           2  0.122173051039378     
         294           2  0.122173051039378     
         295           2  0.122173051039378     
         296           2  0.122173051039378     
         297           2  0.122173051039378     
         298           2  0.122173051039378     
         299           2  0.122173051039378     
         300           2  0.122173051039378     
         301           2  0.122173051039378     
         302           2  0.122173051039378     
         303           2  0.122173051039378     
         304           2  0.122173051039378     
         305           2  0.122173051039378     
         306           2  0.122173051039378     
         307           2  0.122173051039378     
         308           2  0.122173051039378     
         309           2  0.122173051039378     
         310           2  0.122173051039378     
         311           2  0.122173051039378     
         312           2  0.122173051039378     
         313           2  0.122173051039378     
         314           2  0.122173051039378     
         315           2  0.122173051039378     
         316           2  0.122173051039378     
         317           2  0.122173051039378     
         318           2  0.122173051039378     
         319           2  0.122173051039378     
         320           2  0.122173051039378     
         321           2  0.122173051039378     
         322           2  0.122173051039378     
         323           2  0.122173051039378     
         324           2  0.122173051039378     
         325           2  0.122173051039378     
         326           2  0.122173051039378     
         327           2  0.122173051039378     
         328           2  0.122173051039378     
         329           2  0.122173051039378     
         330           2  0.122173051039378     
         331           2  0.122173051039378     
         332           2  0.122173051039378     
         333           2  0.122173051039378     
         334           2  0.122173051039378     
         335           2  0.122173051039378     
         336           2  0.122173051039378     
         337           2  0.122173051039378     
         338           2  0.122173051039378     
         339           2  0.122173051039378     
         340           2  0.122173051039378     
         341           2  0.122173051039378     
         342           2  0.122173051039378     
         343           2  0.122173051039378     
         344           2  0.122173051039378     
         345           2  0.122173051039378     
         346           2  0.122173051039378     
         347           2  0.122173051039378     
         348           2  0.122173051039378     
         349           2  0.122173051039378     
         350           2  0.122173051039378     
         351           2  0.122173051039378     
         352           2  0.122173051039378     
         353           2  0.122173051039378     
         354           2  0.122173051039378     
         355           2  0.122173051039378     
         356           2  0.122173051039378     
         357           2  0.122173051039378     
         358           2  0.122173051039378     
         359           2  0.122173051039378     
         360           2  0.122173051039378     
         361           2  0.122173051039378     
         362           2  0.122173051039378     
         363           2  0.122173051039378     
         364           2  0.122173051039378     
         365           2  0.122173051039378     
         366           2  0.122173051039378     
         367           2  0.122173051039378     
         368           2  0.122173051039378     
         369           2  0.122173051039378     
         370           2  0.122173051039378     
         371           2  0.122173051039378     
         372           2  0.122173051039378     
         373           2  0.122173051039378     
         374           2  0.122173051039378     
         375           2  0.122173051039378     
         376           2  0.122173051039378     
         377           2  0.122173051039378     
         378           2  0.122173051039378     
         379           2  0.122173051039378     
         380           2  0.122173051039378     
         381           2  0.122173051039378     
         382           2  0.122173051039378     
         383           2  0.122173051039378     
         384           2  0.122173051039378     
         385           2  0.122173051039378     
         386           2  0.122173051039378     
         387           2  0.122173051039378     
         388           2  0.122173051039378     
         389           2  0.122173051039378     
         390           2  0.122173051039378     
         391           2  0.122173051039378     
         392           2  0.122173051039378     
         393           2  0.122173051039378     
         394           2  0.122173051039378     
         395           2  0.122173051039378     
         396           2  0.122173051039378     
         397           2  0.122173051039378     
         398           2  0.122173051039378     
         399           2  0.122173051039378     
         400           2  0.122173051039378     
         401           2  0.122173051039378     
         402           2  0.122173051039378     
         403           2  0.122173051039378     
         404           2  0.122173051039378     
         405           2  0.122173051039378     
         406           2  0.122173051039378     
         407           2  0.122173051039378     
         408           2  0.122173051039378     
         409           2  0.122173051039378     
         410           2  0.122173051039378     
         411           2  0.122173051039378     
         412           2  0.122173051039378     
         413           2  0.122173051039378     
         414           2  0.122173051039378     
         415           2  0.122173051039378     
         416           2  0.122173051039378     
         417           2  0.122173051039378     
         418           2  0.122173051039378     
         419           2  0.122173051039378     
         420           2  0.122173051039378     
         421           2  0.122173051039378     
         422           2  0.122173051039378     
         423           2  0.122173051039378     
         424           2  0.122173051039378     
         425           2  0.122173051039378     
         426           2  0.122173051039378     
         427           2  0.122173051039378     
         428           2  0.122173051039378     
         429           2  0.122173051039378     
         430           2  0.122173051039378     
         431           2  0.122173051039378     
         432           2  0.122173051039378     
         433           2  0.122173051039378     
         434           2  0.122173051039378     
         435           2  0.122173051039378     
         436           2  0.122173051039378     
         437           2  0.122173051039378     
         438           2  0.122173051039378     
         439           2  0.122173051039378     
         440           2  0.122173051039378     
         441           2  0.122173051039378     
         442           2  0.122173051039378     
         443           2  0.122173051039378     
         444           2  0.122173051039378     
         445           2  0.122173051039378     
         446           2  0.122173051039378     
         447           2  0.122173051039378     
         448           2  0.122173051039378     
         449           2  0.122173051039378     
         450           2  0.122173051039378     
         451           2  0.122173051039378     
         452           2  0.122173051039378     
         453           2  0.122173051039378     
         454           2  0.122173051039378     
         455           2  0.122173051039378     
         456           2  0.122173051039378     
         457           2  0.122173051039378     
         458           2  0.122173051039378     
         459           2  0.122173051039378     
         460           2  0.122173051039378     
         461           2  0.122173051039378     
         462           2  0.122173051039378     
         463           2  0.122173051039378     
         464           2  0.122173051039378     
         465           2  0.122173051039378     
         466           2  0.122173051039378     
         467           2  0.122173051039378     
         468           2  0.122173051039378     
         469           2  0.122173051039378     
         470           2  0.122173051039378     
         471           2  0.122173051039378     
         472           2  0.122173051039378     
         473           2  0.122173051039378     
         474           2  0.122173051039378     
         475           2  0.122173051039378     
         476           2  0.122173051039378     
         477           2  0.122173051039378     
         478           2  0.122173051039378     
         479           2  0.122173051039378     
         480           2  0.122173051039378     
         481           2  0.122173051039378     
         482           2  0.122173051039378     
         483           2  0.122173051039378     
         484           2  0.122173051039378     
         485           2  0.122173051039378     
         486           2  0.122173051039378     
         487           2  0.122173051039378     
         488           2  0.122173051039378     
         489           2  0.122173051039378     
         490           2  0.122173051039378     
         491           2  0.122173051039378     
         492           2  0.122173051039378     
         493           2  0.122173051039378     
         494           2  0.122173051039378     
         495           2  0.122173051039378     
         496           2  0.122173051039378     
         497           2  0.122173051039378     
         498           2  0.122173051039378     
         499           2  0.122173051039378     
         500           2  0.122173051039378     
         501           2  0.122173051039378     
         502           2  0.122173051039378     
         503           2  0.122173051039378     
         504           2  0.122173051039378     
         505           2  0.122173051039378     
         506           2  0.122173051039378     
         507           2  0.122173051039378     
         508           2  0.122173051039378     
         509           2  0.122173051039378     
         510           2  0.122173051039378     
         511           2  0.122173051039378     
         512           2  0.122173051039378     
         513           2  0.122173051039378     
         514           2  0.122173051039378     
         515           2  0.122173051039378     
         516           2  0.122173051039378     
         517           2  0.122173051039378     
         518           2  0.122173051039378     
         519           2  0.122173051039378     
         520           2  0.122173051039378     
         521           2  0.122173051039378     
         522           2  0.122173051039378     
         523           2  0.122173051039378     
         524           2  0.122173051039378     
         525           2  0.122173051039378     
         526           2  0.122173051039378     
         527           2  0.122173051039378     
         528           2  0.122173051039378     
         529           2  0.122173051039378     
         530           2  0.122173051039378     
         531           2  0.122173051039378     
         532           2  0.122173051039378     
         533           2  0.122173051039378     
         534           2  0.122173051039378     
         535           2  0.122173051039378     
         536           2  0.122173051039378     
         537           2  0.122173051039378     
         538           2  0.122173051039378     
         539           2  0.122173051039378     
         540           2  0.122173051039378     
         541           2  0.122173051039378     
         542           2  0.122173051039378     
         543           2  0.122173051039378     
         544           2  0.122173051039378     
         545           2  0.122173051039378     
         546           2  0.122173051039378     
         547           2  0.122173051039378     
         548           2  0.122173051039378     
         549           2  0.122173051039378     
         550           2  0.122173051039378     
         551           2  0.122173051039378     
         552           2  0.122173051039378     
         553           2  0.122173051039378     
         554           2  0.122173051039378     
         555           2  0.122173051039378     
         556           2  0.122173051039378     
         557           2  0.122173051039378     
         558           2  0.122173051039378     
         559           2  0.122173051039378     
         560           2  0.122173051039378     
         561           2  0.122173051039378     
         562           2  0.122173051039378     
         563           2  0.122173051039378     
         564           2  0.122173051039378     
         565           2  0.122173051039378     
         566           2  0.122173051039378     
         567           2  0.122173051039378     
         568           2  0.122173051039378     
         569           2  0.122173051039378     
         570           2  0.122173051039378     
         571           2  0.122173051039378     
         572           2  0.122173051039378     
         573           2  0.122173051039378     
         574           2  0.122173051039378     
         575           2  0.122173051039378     
         576           2  0.122173051039378     
         577           2  0.122173051039378     
         578           2  0.122173051039378     
         579           2  0.122173051039378     
         580           2  0.122173051039378     
         581           2  0.122173051039378     
         582           2  0.122173051039378     
         583           2  0.122173051039378     
         584           2  0.122173051039378     
         585           2  0.122173051039378     
         586           2  0.122173051039378     
         587           2  0.122173051039378     
         588           3  0.122516594995479     
         589           3  0.122860584529417     
         590           3  0.123205020219108     
         591           3  0.123549902643218     
         592           3  0.123895232381163     
         593           3  0.124241010013111     
         594           3  0.124587236119982     
         595           3  0.124933911283449     
         596           3  0.125281036085942     
         597           3  0.125628611110643     
         598           3  0.125976636941493     
         599           3  0.126325114163188     
         600           3  0.126674043361185     
         601           3  0.127023425121698     
         602           3  0.127373260031702     
         603           3  0.127723548678936     
         604           3  0.128074291651896     
         605           3  0.128425489539846     
         606           3  0.128777142932812     
         607           3  0.129129252421586     
         608           3  0.129481818597726     
         609           3  0.129834842053557     
         610           3  0.130188323382172     
         611           3  0.130542263177435     
         612           3  0.130896662033979     
         613           3  0.131251520547206     
         614           3  0.131606839313296     
         615           3  0.131962618929196     
         616           3  0.132318859992630     
         617           3  0.132675563102099     
         618           3  0.133032728856878     
         619           3  0.133390357857019     
         620           3  0.133748450703353     
         621           3  0.134107007997491     
         622           3  0.134466030341823     
         623           3  0.134825518339522     
         624           3  0.135185472594541     
         625           3  0.135545893711617     
         626           3  0.135906782296274     
         627           3  0.136268138954817     
         628           3  0.136629964294342     
         629           3  0.136992258922728     
         630           3  0.137355023448645     
         631           3  0.137718258481552     
         632           3  0.138081964631699     
         633           3  0.138446142510126     
         634           3  0.138810792728667     
         635           3  0.139175915899949     
         636           3  0.139541512637393     
         637           3  0.139907583555216     
         638           3  0.140274129268433     
         639           3  0.140641150392854     
         640           3  0.141008647545090     
         641           3  0.141376621342551     
         642           3  0.141745072403447     
         643           3  0.142114001346792     
         644           3  0.142483408792399     
         645           3  0.142853295360889     
         646           3  0.143223661673686     
         647           3  0.143594508353020     
         648           3  0.143965836021928     
         649           3  0.144337645304256     
         650           3  0.144709936824658     
         651           3  0.145082711208599     
         652           3  0.145455969082354     
         653           3  0.145829711073012     
         654           3  0.146203937808474     
         655           3  0.146578649917457     
         656           3  0.146953848029491     
         657           3  0.147329532774924     
         658           3  0.147705704784922     
         659           3  0.148082364691468     
         660           3  0.148459513127367     
         661           3  0.148837150726243     
         662           3  0.149215278122542     
         663           3  0.149593895951534     
         664           3  0.149973004849311     
         665           3  0.150352605452791     
         666           3  0.150732698399719     
         667           3  0.151113284328666     
         668           3  0.151494363879031     
         669           3  0.151875937691045     
         670           3  0.152258006405765     
         671           3  0.152640570665082     
         672           3  0.153023631111720     
         673           3  0.153407188389236     
         674           3  0.153791243142021     
         675           3  0.154175796015303     
         676           3  0.154560847655145     
         677           3  0.154946398708450     
         678           3  0.155332449822959     
         679           3  0.155719001647254     
         680           3  0.156106054830757     
         681           3  0.156493610023732     
         682           3  0.156881667877288     
         683           3  0.157270229043378     
         684           3  0.157659294174800     
         685           3  0.158048863925199     
         686           3  0.158438938949068     
         687           3  0.158829519901748     
         688           3  0.159220607439431     
         689           3  0.159612202219160     
         690           3  0.160004304898829     
         691           3  0.160396916137187     
         692           3  0.160790036593836     
         693           3  0.161183666929235     
         694           3  0.161577807804698     
         695           3  0.161972459882398     
         696           3  0.162367623825365     
         697           3  0.162763300297491     
         698           3  0.163159489963529     
         699           3  0.163556193489093     
         700           3  0.163953411540660     
         701           3  0.164351144785573     
         702           3  0.164749393892040     
         703           3  0.165148159529135     
         704           3  0.165547442366800     
         705           3  0.165947243075847     
         706           3  0.166347562327956     
         707           3  0.166748400795680     
         708           3  0.167149759152443     
         709           3  0.167551638072545     
         710           3  0.167954038231156     
         711           3  0.168356960304326     
         712           3  0.168760404968981     
         713           3  0.169164372902922     
         714           3  0.169568864784832     
         715           3  0.169973881294275     
         716           3  0.170379423111693     
         717           3  0.170785490918414     
         718           3  0.171192085396647     
         719           3  0.171599207229487     
         720           3  0.172006857100916     
         721           3  0.172415035695801     
         722           3  0.172823743699899     
         723           3  0.173232981799856     
         724           3  0.173642750683208     
         725           3  0.174053051038383     
         726           3  0.174463883554702     
         727           3  0.174875248922380     
         728           3  0.175287147832528     
         729           3  0.175699580977151     
         730           3  0.176112549049155     
         731           3  0.176526052742343     
         732           3  0.176940092751416     
         733           3  0.177354669771978     
         734           3  0.177769784500537     
         735           3  0.178185437634500     
         736           3  0.178601629872182     
         737           3  0.179018361912803     
         738           3  0.179435634456488     
         739           3  0.179853448204274     
         740           3  0.180271803858102     
         741           3  0.180690702120828     
         742           3  0.181110143696218     
         743           3  0.181530129288949     
         744           3  0.181950659604615     
         745           3  0.182371735349724     
         746           3  0.182793357231699     
         747           3  0.183215525958882     
         748           3  0.183638242240533     
         749           3  0.184061506786833     
         750           3  0.184485320308883     
         751           3  0.184909683518707     
         752           3  0.185334597129252     
         753           3  0.185760061854389     
         754           3  0.186186078408917     
         755           3  0.186612647508560     
         756           3  0.187039769869972     
         757           3  0.187467446210735     
         758           3  0.187895677249363     
         759           3  0.188324463705300     
         760           3  0.188753806298925     
         761           3  0.189183705751551     
         762           3  0.189614162785427     
         763           3  0.190045178123736     
         764           3  0.190476752490603     
         765           3  0.190908886611089     
         766           3  0.191341581211197     
         767           3  0.191774837017871     
         768           3  0.192208654758999     
         769           3  0.192643035163411     
         770           3  0.193077978960884     
         771           3  0.193513486882141     
         772           3  0.193949559658853     
         773           3  0.194386198023638     
         774           3  0.194823402710069     
         775           3  0.195261174452664     
         776           3  0.195699513986900     
         777           3  0.196138422049202     
         778           3  0.196577899376956     
         779           3  0.197017946708500     
         780           3  0.197458564783131     
         781           3  0.197899754341105     
         782           3  0.198341516123639     
         783           3  0.198783850872909     
         784           3  0.199226759332056     
         785           3  0.199670242245185     
         786           3  0.200114300357363     
         787           3  0.200558934414626     
         788           3  0.201004145163977     
         789           3  0.201449933353389     
         790           3  0.201896299731803     
         791           3  0.202343245049132     
         792           3  0.202790770056262     
         793           3  0.203238875505054     
         794           3  0.203687562148343     
         795           3  0.204136830739939     
         796           3  0.204586682034632     
         797           3  0.205037116788191     
         798           3  0.205488135757364     
         799           3  0.205939739699880     
         800           3  0.206391929374452     
         801           3  0.206844705540778     
         802           3  0.207298068959539     
         803           3  0.207752020392403     
         804           3  0.208206560602028     
         805           3  0.208661690352059     
         806           3  0.209117410407132     
         807           3  0.209573721532875     
         808           3  0.210030624495909     
         809           3  0.210488120063850     
         810           3  0.210946209005308     
         811           3  0.211404892089891     
         812           3  0.211864170088205     
         813           3  0.212324043771855     
         814           3  0.212784513913448     
         815           3  0.213245581286591     
         816           3  0.213707246665897     
         817           3  0.214169510826981     
         818           3  0.214632374546466     
         819           3  0.215095838601982     
         820           3  0.215559903772166     
         821           3  0.216024570836667     
         822           3  0.216489840576144     
         823           3  0.216955713772269     
         824           3  0.217422191207727     
         825           3  0.217889273666219     
         826           3  0.218356961932463     
         827           3  0.218825256792192     
         828           3  0.219294159032162     
         829           3  0.219763669440147     
         830           3  0.220233788804943     
         831           3  0.220704517916369     
         832           3  0.221175857565270     
         833           3  0.221647808543514     
         834           3  0.222120371643999     
         835           3  0.222593547660648     
         836           3  0.223067337388417     
         837           3  0.223541741623292     
         838           3  0.224016761162290     
         839           3  0.224492396803463     
         840           3  0.224968649345899     
         841           3  0.225445519589720     
         842           3  0.225923008336088     
         843           3  0.226401116387202     
         844           3  0.226879844546304     
         845           3  0.227359193617676     
         846           3  0.227839164406644     
         847           3  0.228319757719577     
         848           3  0.228800974363891     
         849           3  0.229282815148051     
         850           3  0.229765280881567     
         851           3  0.230248372375001     
         852           3  0.230732090439967     
         853           3  0.231216435889130     
         854           3  0.231701409536210     
         855           3  0.232187012195981     
         856           3  0.232673244684277     
         857           3  0.233160107817986     
         858           3  0.233647602415058     
         859           3  0.234135729294505     
         860           3  0.234624489276397     
         861           3  0.235113883181873     
         862           3  0.235603911833132     
         863           3  0.236094576053444     
         864           3  0.236585876667143     
         865           3  0.237077814499634     
         866           3  0.237570390377392     
         867           3  0.238063605127964     
         868           3  0.238557459579972     
         869           3  0.239051954563110     
         870           3  0.239547090908149     
         871           3  0.240042869446938     
         872           3  0.240539291012406     
         873           3  0.241036356438560     
         874           3  0.241534066560490     
         875           3  0.242032422214369     
         876           3  0.242531424237454     
         877           3  0.243031073468089     
         878           3  0.243531370745705     
         879           3  0.244032316910820     
         880           3  0.244533912805045     
         881           3  0.245036159271080     
         882           3  0.245539057152721     
         883           3  0.246042607294854     
         884           3  0.246546810543465     
         885           3  0.247051667745636     
         886           3  0.247557179749546     
         887           3  0.248063347404476     
         888           3  0.248570171560808     
         889           3  0.249077653070026     
         890           3  0.249585792784721     
         891           3  0.250094591558586     
         892           3  0.250604050246425     
         893           3  0.251114169704148     
         894           3  0.251624950788777     
         895           3  0.252136394358443     
         896           3  0.252648501272394     
         897           3  0.253161272390988     
         898           3  0.253674708575701     
         899           3  0.254188810689128     
         900           3  0.254703579594980     
         901           3  0.255219016158090     
         902           3  0.255735121244411     
         903           3  0.256251895721020     
         904           3  0.256769340456121     
         905           3  0.257287456319039     
         906           3  0.257806244180232     
         907           3  0.258325704911282     
         908           3  0.258845839384906     
         909           3  0.259366648474949     
         910           3  0.259888133056392     
         911           3  0.260410294005349     
         912           3  0.260933132199073     
         913           3  0.261456648515951     
         914           3  0.261980843835513     
         915           3  0.262505719038428     
         916           3  0.263031275006506     
         917           3  0.263557512622703     
         918           3  0.264084432771119     
         919           3  0.264612036337001     
         920           3  0.265140324206745     
         921           3  0.265669297267894     
         922           3  0.266198956409145     
         923           3  0.266729302520346     
         924           3  0.267260336492500     
         925           3  0.267792059217766     
         926           3  0.268324471589458     
         927           3  0.268857574502051     
         928           3  0.269391368851179     
         929           3  0.269925855533638     
         930           3  0.270461035447387     
         931           3  0.270996909491549     
         932           3  0.271533478566415     
         933           3  0.272070743573442     
         934           3  0.272608705415256     
         935           3  0.273147364995655     
         936           3  0.273686723219609     
         937           3  0.274226780993261     
         938           3  0.274767539223929     
         939           3  0.275308998820110     
         940           3  0.275851160691476     
         941           3  0.276394025748882     
         942           3  0.276937594904362     
         943           3  0.277481869071135     
         944           3  0.278026849163603     
         945           3  0.278572536097354     
         946           3  0.279118930789164     
         947           3  0.279666034156998     
         948           3  0.280213847120011     
         949           3  0.280762370598552     
         950           3  0.281311605514161     
         951           3  0.281861552789575     
         952           3  0.282412213348728     
         953           3  0.282963588116751     
         954           3  0.283515678019977     
         955           3  0.284068483985937     
         956           3  0.284622006943369     
         957           3  0.285176247822213     
         958           3  0.285731207553615     
         959           3  0.286286887069931     
         960           3  0.286843287304724     
         961           3  0.287400409192769     
         962           3  0.287958253670053     
         963           3  0.288516821673777     
         964           3  0.289076114142357     
         965           3  0.289636132015428     
         966           3  0.290196876233841     
         967           3  0.290758347739669     
         968           3  0.291320547476208     
         969           3  0.291883476387974     
         970           3  0.292447135420711     
         971           3  0.293011525521389     
         972           3  0.293576647638206     
         973           3  0.294142502720590     
         974           3  0.294709091719199     
         975           3  0.295276415585926     
         976           3  0.295844475273897     
         977           3  0.296413271737476     
         978           3  0.296982805932264     
         979           3  0.297553078815100     
         980           3  0.298124091344065     
         981           4  0.298124091344065     
         982           4  0.298124091344065     
         983           4  0.298124091344065     
         984           4  0.298124091344065     
         985           4  0.298124091344065     
         986           4  0.298124091344065     
         987           4  0.298124091344065     
         988           4  0.298124091344065     
         989           4  0.298124091344065     
         990           4  0.298124091344065     
         991           4  0.298124091344065     
         992           4  0.298124091344065     
         993           4  0.298124091344065     
         994           4  0.298124091344065     
         995           4  0.298124091344065     
         996           4  0.298124091344065     
         997           4  0.298124091344065     
         998           4  0.298124091344065     
         999           4  0.298124091344065     
        1000           4  0.298124091344065     
