           1           1   1.57044837648609     
           2           1   1.57001232306648     
           3           1   1.56953287776540     
           4           1   1.56902275315157     
           5           1   1.56848481263472     
           6           1   1.56792384107063     
           7           1   1.56734371163584     
           8           1   1.56674301093236     
           9           1   1.56612451643879     
          10           1   1.56548921091484     
          11           1   1.56483956516019     
          12           1   1.56417117237025     
          13           1   1.56348961849795     
          14           1   1.56279367137187     
          15           1   1.56208193938352     
          16           1   1.56135649037322     
          17           1   1.56061761528442     
          18           1   1.55986556867857     
          19           1   1.55909872260770     
          20           1   1.55831909383721     
          21           1   1.55752686099903     
          22           1   1.55672028260383     
          23           1   1.55590137275585     
          24           1   1.55506833089037     
          25           1   1.55422317769958     
          26           1   1.55336602151331     
          27           1   1.55249498788942     
          28           1   1.55161012715103     
          29           1   1.55071348280271     
          30           1   1.54980312041858     
          31           1   1.54887907401860     
          32           1   1.54794340917955     
          33           1   1.54699414005184     
          34           1   1.54603334768676     
          35           1   1.54505694546841     
          36           1   1.54406907836651     
          37           1   1.54306770165807     
          38           1   1.54205282719975     
          39           1   1.54102446496569     
          40           1   1.53998474584794     
          41           1   1.53892944133962     
          42           1   1.53786281166410     
          43           1   1.53678058572250     
          44           1   1.53568706066754     
          45           1   1.53457792461794     
          46           1   1.53345533067699     
          47           1   1.53231927904292     
          48           1   1.53116976917452     
          49           1   1.53000679987167     
          50           1   1.52882815368226     
          51           1   1.52763825108504     
          52           1   1.52643264966504     
          53           1   1.52521132128196     
          54           1   1.52397873661007     
          55           1   1.52272814481190     
          56           1   1.52146629026576     
          57           1   1.52018864687165     
          58           1   1.51889518746631     
          59           1   1.51758817418089     
          60           1   1.51626530721301     
          61           1   1.51492886456522     
          62           1   1.51357653165593     
          63           1   1.51221060209366     
          64           1   1.51082642091629     
          65           1   1.50942860878702     
          66           1   1.50801482320470     
          67           1   1.50658504109251     
          68           1   1.50514159436578     
          69           1   1.50367975940219     
          70           1   1.50220423050768     
          71           1   1.50071025794073     
          72           1   1.49920256457566     
          73           1   1.49767876316739     
          74           1   1.49613644079582     
          75           1   1.49457796131680     
          76           1   1.49300330798721     
          77           1   1.49141246484974     
          78           1   1.48980541674952     
          79           1   1.48817972349915     
          80           1   1.48653778530609     
          81           1   1.48487958973342     
          82           1   1.48320268133895     
          83           1   1.48150948157431     
          84           1   1.47979752531370     
          85           1   1.47806924798083     
          86           1   1.47632217509853     
          87           1   1.47455628328956     
          88           1   1.47277402866198     
          89           1   1.47097292343216     
          90           1   1.46915543718526     
          91           1   1.46731657928057     
          92           1   1.46546131637374     
          93           1   1.46358714417907     
          94           1   1.46169404888630     
          95           1   1.45978201818179     
          96           1   1.45785104126874     
          97           1   1.45590110888743     
          98           1   1.45393221333540     
          99           1   1.45194181377544     
         100           1   1.44993497036243     
         101           1   1.44790660615182     
         102           1   1.44585925479877     
         103           1   1.44379291690995     
         104           1   1.44170503700609     
         105           1   1.43959816805146     
         106           1   1.43746974947176     
         107           1   1.43532234695312     
         108           1   1.43315597018720     
         109           1   1.43096805155988     
         110           1   1.42875859223175     
         111           1   1.42652759564448     
         112           1   1.42427765860905     
         113           1   1.42200620583673     
         114           1   1.41971324757177     
         115           1   1.41740139879607     
         116           1   1.41506547351136     
         117           1   1.41270808789622     
         118           1   1.41033187490880     
         119           1   1.40793163457463     
         120           1   1.40551000145826     
         121           1   1.40306700321744     
         122           1   1.40060267011756     
         123           1   1.39811703506150     
         124           1   1.39560750160254     
         125           1   1.39307673424069     
         126           1   1.39052477422256     
         127           1   1.38794902511387     
         128           1   1.38535216887503     
         129           1   1.38273160975288     
         130           1   1.38008739308522     
         131           1   1.37742221807757     
         132           1   1.37473349103442     
         133           1   1.37202392229084     
         134           1   1.36928826302679     
         135           1   1.36653188748229     
         136           1   1.36375220652625     
         137           1   1.36094928957248     
         138           1   1.35812320969064     
         139           1   1.35527404363986     
         140           1   1.35240187190133     
         141           1   1.34950677871041     
         142           1   1.34658618179230     
         143           1   1.34364551236679     
         144           1   1.34067952452627     
         145           1   1.33769098843514     
         146           1   1.33467733338097     
         147           1   1.33164133999169     
         148           1   1.32858312025044     
         149           1   1.32550011363016     
         150           1   1.32239511569517     
         151           1   1.31926289623895     
         152           1   1.31611161478292     
         153           1   1.31293337200775     
         154           1   1.30973366001058     
         155           1   1.30650994303066     
         156           1   1.30326236761997     
         157           1   1.29999376197337     
         158           1   1.29669892828132     
         159           1   1.29338070487631     
         160           1   1.29004193273692     
         161           1   1.28667743214307     
         162           1   1.28329005466749     
         163           1   1.27987998115420     
         164           1   1.27644739738799     
         165           1   1.27298982486544     
         166           1   1.26951013154936     
         167           1   1.26600851845407     
         168           1   1.26248519153433     
         169           1   1.25893503706806     
         170           1   1.25536626399046     
         171           1   1.25177377117080     
         172           1   1.24815779168135     
         173           1   1.24452121748754     
         174           1   1.24086163463449     
         175           1   1.23718194063657     
         176           1   1.23347709243931     
         177           1   1.22975264341129     
         178           1   1.22600621199039     
         179           1   1.22223806995332     
         180           1   1.21844849461007     
         181           1   1.21464039682901     
         182           1   1.21080880492954     
         183           1   1.20695664427957     
         184           1   1.20308421387700     
         185           1   1.19919181801048     
         186           1   1.19527976619861     
         187           1   1.19134577011641     
         188           1   1.18739536026610     
         189           1   1.18342366044525     
         190           1   1.17943101544035     
         191           1   1.17542035908385     
         192           1   1.17139203168434     
         193           1   1.16734637824040     
         194           1   1.16328118151327     
         195           1   1.15919681294580     
         196           1   1.15509620440687     
         197           1   1.15097717058037     
         198           1   1.14684009808502     
         199           1   1.14268791487622     
         200           1   1.13851846795598     
         201           1   1.13433215807586     
         202           1   1.13012939060152     
         203           1   1.12591308455332     
         204           1   1.12168113058522     
         205           1   1.11743145195431     
         206           1   1.11316946745713     
         207           1   1.10889062143399     
         208           1   1.10460031038874     
         209           1   1.10029401654920     
         210           1   1.09597711227668     
         211           1   1.09164511824692     
         212           1   1.08729850263143     
         213           1   1.08294259850885     
         214           1   1.07857298563975     
         215           1   1.07419255521523     
         216           1   1.06979935765699     
         217           1   1.06539627192903     
         218           1   1.06098137145771     
         219           1   1.05655752162730     
         220           1   1.05212281865773     
         221           1   1.04767775595680     
         222           1   1.04322517618696     
         223           1   1.03876087225051     
         224           1   1.03429002723939     
         225           1   1.02981079384321     
         226           1   1.02532367314930     
         227           1   1.02083146330116     
         228           1   1.01632777883776     
         229           1   1.01182001135121     
         230           1   1.00730636838490     
         231           1   1.00278510077189     
         232           1  0.998258987172431     
         233           1  0.993728531139572     
         234           1  0.989192016430546     
         235           1  0.984649979552780     
         236           1  0.980105152804388     
         237           1  0.975555852178798     
         238           1  0.971002612015080     
         239           1  0.966445965561704     
         240           1  0.961888593515420     
         241           1  0.957326716550864     
         242           1  0.952763023988646     
         243           1  0.948198042315632     
         244           1  0.943630195967372     
         245           1  0.939062131383457     
         246           1  0.934492293084791     
         247           1  0.929921235315803     
         248           1  0.925351558880336     
         249           1  0.920781737444899     
         250           1  0.916210292700498     
         251           1  0.911639815906106     
         252           1  0.907070845396889     
         253           1  0.902501931374324     
         254           1  0.897935614838151     
         255           1  0.893370464241791     
         256           1  0.888805096925114     
         257           1  0.884243972226590     
         258           1  0.879683767639323     
         259           1  0.875125071532587     
         260           1  0.870570357694828     
         261           1  0.866018287124974     
         262           1  0.861469432937391     
         263           1  0.856922513737080     
         264           1  0.852379968042259     
         265           1  0.847840530586049     
         266           1  0.843304792940380     
         267           1  0.838771547132789     
         268           1  0.834243193497922     
         269           1  0.829718539151655     
         270           1  0.825198191852807     
         271           1  0.820682752420233     
         272           1  0.816169368786369     
         273           1  0.811662129665164     
         274           1  0.807158224952913     
         275           1  0.802659991152342     
         276           1  0.798164702236012     
         277           1  0.793674693029665     
         278           1  0.789188958418323     
         279           1  0.784708164923531     
         280           1  0.780231361891385     
         281           1  0.775759241257340     
         282           1  0.771292485745689     
         283           1  0.766828638350310     
         284           1  0.762369999939707     
         285           1  0.757915731222282     
         286           1  0.753465040575548     
         287           1  0.749018691048504     
         288           1  0.744577434919214     
         289           1  0.740139057070666     
         290           1  0.735704374440970     
         291           1  0.731274192297162     
         292           1  0.726846434808113     
         293           1  0.722423390110177     
         294           1  0.718001653700316     
         295           1  0.713584937019270     
         296           1  0.709168563714978     
         297           1  0.704756247020613     
         298           1  0.700346180657350     
         299           1  0.695937992745778     
         300           1  0.691532672514739     
         301           1  0.687127283109275     
         302           1  0.682724201898202     
         303           1  0.678320633935284     
         304           1  0.673918980841762     
         305           1  0.669517832514855     
         306           1  0.665115876887584     
         307           1  0.660713115323689     
         308           1  0.656309587597461     
         309           1  0.651905371163263     
         310           1  0.647499408011624     
         311           1  0.643091892287297     
         312           1  0.638680766840521     
         313           1  0.634267511426709     
         314           2  0.631397994346270     
         315           2  0.628560277682856     
         316           2  0.625755051412828     
         317           2  0.622980791190847     
         318           2  0.620237097180359     
         319           2  0.617524648395534     
         320           2  0.614840899335964     
         321           2  0.612186548258345     
         322           2  0.609561215986169     
         323           2  0.606963327516599     
         324           2  0.604393543496972     
         325           2  0.601850967651777     
         326           2  0.599335138075683     
         327           2  0.596845603726260     
         328           2  0.594381924098105     
         329           2  0.591943668908898     
         330           2  0.589530417796854     
         331           2  0.587141760029076     
         332           2  0.584777294220360     
         333           2  0.582436628061993     
         334           2  0.580119378060145     
         335           2  0.577825169283421     
         336           2  0.575553635119241     
         337           2  0.573304417038622     
         338           2  0.571077164369088     
         339           2  0.568871534075316     
         340           2  0.566687190547246     
         341           2  0.564523805395338     
         342           2  0.562381057252698     
         343           2  0.560258631583792     
         344           2  0.558156220499503     
         345           2  0.556073522578267     
         346           2  0.554010242693074     
         347           2  0.551966091844073     
         348           2  0.549940786996609     
         349           2  0.547934050924447     
         350           2  0.545945612058013     
         351           2  0.543975204337446     
         352           2  0.542022567070291     
         353           2  0.540087444793656     
         354           2  0.538169587140669     
         355           2  0.536268748711079     
         356           2  0.534384688945842     
         357           2  0.532517172005561     
         358           2  0.530665966652627     
         359           2  0.528830846136929     
         360           2  0.527011588085024     
         361           2  0.525207974392619     
         362           2  0.523419791120261     
         363           2  0.521646828392124     
         364           2  0.519888880297778     
         365           2  0.518145744796846     
         366           2  0.516417223626437     
         367           2  0.514703122211267     
         368           2  0.513003249576379     
         369           2  0.511317418262367     
         370           2  0.509645444243025     
         371           2  0.507987146845326     
         372           2  0.506342348671685     
         373           2  0.504710875524386     
         374           2  0.503092556332141     
         375           2  0.501487223078681     
         376           2  0.499894710733341     
         377           2  0.498314857183539     
         378           2  0.496747503169127     
         379           2  0.495192492218518     
         380           2  0.493649670586558     
         381           2  0.492118887194071     
         382           2  0.490599993569033     
         383           2  0.489092843789319     
         384           2  0.487597294426976     
         385           2  0.486113204493971     
         386           2  0.484640435389372     
         387           2  0.483178850847915     
         388           2  0.481728316889916     
         389           2  0.480288701772485     
         390           2  0.478859875941998     
         391           2  0.477441711987804     
         392           2  0.476034084597109     
         393           2  0.474636870511019     
         394           2  0.473249948481694     
         395           2  0.471873199230588     
         396           2  0.470506505407744     
         397           2  0.469149751552105     
         398           2  0.467802824052813     
         399           2  0.466465611111479     
         400           2  0.465138002705375     
         401           2  0.463819890551536     
         402           2  0.462511168071751     
         403           2  0.461211730358389     
         404           2  0.459921474141077     
         405           2  0.458640297754165     
         406           2  0.457368101104989     
         407           2  0.456104785642887     
         408           2  0.454850254328959     
         409           2  0.453604411606542     
         410           2  0.452367163372388     
         411           2  0.451138416948519     
         412           2  0.449918081054744     
         413           2  0.448706065781819     
         414           2  0.447502282565228     
         415           2  0.446306644159579     
         416           2  0.445119064613581     
         417           2  0.443939459245609     
         418           2  0.442767744619817     
         419           2  0.441603838522802     
         420           2  0.440447659940795     
         421           2  0.439299129037371     
         422           2  0.438158167131660     
         423           2  0.437024696677043     
         424           2  0.435898641240332     
         425           2  0.434779925481403     
         426           2  0.433668475133291     
         427           2  0.432564216982719     
         428           2  0.431467078851056     
         429           2  0.430376989575690     
         430           2  0.429293878991812     
         431           2  0.428217677914595     
         432           2  0.427148318121752     
         433           2  0.426085732336486     
         434           2  0.425029854210785     
         435           2  0.423980618309092     
         436           2  0.422937960092318     
         437           2  0.421901815902189     
         438           2  0.420872122945933     
         439           2  0.419848819281284     
         440           2  0.418831843801804     
         441           2  0.417821136222507     
         442           2  0.416816637065791     
         443           2  0.415818287647655     
         444           2  0.414826030064206     
         445           2  0.413839807178440     
         446           2  0.412859562607297     
         447           2  0.411885240708980     
         448           2  0.410916786570537     
         449           2  0.409954145995684     
         450           2  0.408997265492890     
         451           2  0.408046092263686     
         452           2  0.407100574191227     
         453           2  0.406160659829064     
         454           2  0.405226298390151     
         455           2  0.404297439736076     
         456           2  0.403374034366490     
         457           2  0.402456033408754     
         458           2  0.401543388607795     
         459           2  0.400636052316147     
         460           2  0.399733977484197     
         461           2  0.398837117650620     
         462           2  0.397945426932994     
         463           2  0.397058860018601     
         464           2  0.396177372155407     
         465           2  0.395300919143209     
         466           2  0.394429457324955     
         467           2  0.393562943578233     
         468           2  0.392701335306914     
         469           2  0.391844590432960     
         470           2  0.390992667388382     
         471           2  0.390145525107356     
         472           2  0.389303123018475     
         473           2  0.388465421037160     
         474           2  0.387632379558202     
         475           2  0.386803959448446     
         476           2  0.385980122039612     
         477           2  0.385160829121244     
         478           2  0.384346042933795     
         479           2  0.383535726161832     
         480           2  0.382729841927368     
         481           2  0.381928353783321     
         482           2  0.381131225707076     
         483           2  0.380338422094185     
         484           2  0.379549907752160     
         485           2  0.378765647894394     
         486           2  0.377985608134179     
         487           2  0.377209754478835     
         488           2  0.376438053323950     
         489           2  0.375670471447709     
         490           2  0.374906976005335     
         491           2  0.374147534523622     
         492           2  0.373392114895567     
         493           2  0.372640685375092     
         494           2  0.371893214571863     
         495           2  0.371149671446198     
         496           2  0.370410025304059     
         497           2  0.369674245792137     
         498           2  0.368942302893019     
         499           2  0.368214166920437     
         500           2  0.367489808514599     
         501           2  0.366769198637602     
         502           2  0.366052308568922     
         503           2  0.365339109900975     
         504           2  0.364629574534766     
         505           2  0.363923674675600     
         506           2  0.363221382828866     
         507           2  0.362522671795900     
         508           2  0.361827514669911     
         509           2  0.361135884831973     
         510           2  0.360447755947090     
         511           2  0.359763101960321     
         512           2  0.359081897092974     
         513           2  0.358404115838855     
         514           2  0.357729732960588     
         515           2  0.357058723485988     
         516           2  0.356391062704499     
         517           2  0.355726726163685     
         518           2  0.355065689665779     
         519           2  0.354407929264294     
         520           2  0.353753421260679     
         521           2  0.353102142201037     
         522           2  0.352454068872889     
         523           2  0.351809178301999     
         524           2  0.351167447749238     
         525           2  0.350528854707508     
         526           2  0.349893376898710     
         527           2  0.349260992270760     
         528           2  0.348631678994654     
         529           2  0.348005415461579     
         530           2  0.347382180280066     
         531           2  0.346761952273193     
         532           2  0.346144710475827     
         533           2  0.345530434131913     
         534           2  0.344919102691800     
         535           2  0.344310695809616     
         536           2  0.343705193340674     
         537           2  0.343102575338925     
         538           2  0.342502822054448     
         539           2  0.341905913930979     
         540           2  0.341311831603478     
         541           2  0.340720555895730     
         542           2  0.340132067817984     
         543           2  0.339546348564634     
         544           2  0.338963379511924     
         545           2  0.338383142215694     
         546           2  0.337805618409163     
         547           2  0.337230790000737     
         548           2  0.336658639071855     
         549           2  0.336089147874867     
         550           2  0.335522298830944     
         551           2  0.334958074528015     
         552           2  0.334396457718738     
         553           2  0.333837431318501     
         554           2  0.333280978403453     
         555           2  0.332727082208557     
         556           2  0.332175726125686     
         557           2  0.331626893701727     
         558           2  0.331080568636734     
         559           2  0.330536734782090     
         560           2  0.329995376138704     
         561           2  0.329456476855237     
         562           2  0.328920021226344     
         563           2  0.328385993690951     
         564           2  0.327854378830550     
         565           2  0.327325161367523     
         566           2  0.326798326163485     
         567           2  0.326273858217655     
         568           2  0.325751742665250     
         569           2  0.325231964775895     
         570           2  0.324714509952069     
         571           2  0.324199363727556     
         572           2  0.323686511765932     
         573           2  0.323175939859064     
         574           2  0.322667633925637     
         575           2  0.322161580009694     
         576           2  0.321657764279205     
         577           2  0.321156173024646     
         578           2  0.320656792657608     
         579           2  0.320159609709417     
         580           2  0.319664610829775     
         581           2  0.319171782785427     
         582           2  0.318681112458830     
         583           2  0.318192586846860     
         584           2  0.317706193059522     
         585           2  0.317221918318682     
         586           2  0.316739749956820     
         587           2  0.316259675415791     
         588           2  0.315781682245616     
         589           2  0.315305758103274     
         590           2  0.314831890751523     
         591           2  0.314360068057728     
         592           2  0.313890277992711     
         593           2  0.313422508629613     
         594           2  0.312956748142771     
         595           2  0.312492984806611     
         596           2  0.312031206994555     
         597           2  0.311571403177945     
         598           2  0.311113561924977     
         599           2  0.310657671899650     
         600           2  0.310203721860734     
         601           2  0.309751700660741     
         602           2  0.309301597244923     
         603           2  0.308853400650271     
         604           2  0.308407100004533     
         605           2  0.307962684525244     
         606           2  0.307520143518771     
         607           2  0.307079466379360     
         608           2  0.306640642588210     
         609           2  0.306203661712551     
         610           2  0.305768513404729     
         611           2  0.305335187401314     
         612           2  0.304903673522214     
         613           2  0.304473961669793     
         614           2  0.304046041828015     
         615           2  0.303619904061587     
         616           2  0.303195538515117     
         617           2  0.302772935412286     
         618           2  0.302352085055019     
         619           2  0.301932977822683     
         620           2  0.301515604171283     
         621           2  0.301099954632669     
         622           2  0.300686019813758     
         623           2  0.300273790395765     
         624           2  0.299863257133435     
         625           2  0.299454410854299     
         626           2  0.299047242457925     
         627           2  0.298641742915189     
         628           2  0.298237903267547     
         629           2  0.297835714626322     
         630           2  0.297435168171997     
         631           2  0.297036255153516     
         632           2  0.296638966887592     
         633           2  0.296243294758033     
         634           2  0.295849230215062     
         635           2  0.295456764774654     
         636           2  0.295065890017884     
         637           2  0.294676597590270     
         638           2  0.294288879201140     
         639           2  0.293902726622993     
         640           2  0.293518131690877     
         641           2  0.293135086301768     
         642           2  0.292753582413964     
         643           2  0.292373612046475     
         644           2  0.291995167278431     
         645           2  0.291618240248493     
         646           2  0.291242823154269     
         647           2  0.290868908251738     
         648           2  0.290496487854686     
         649           2  0.290125554334136     
         650           2  0.289756100117803     
         651           2  0.289388117689535     
         652           2  0.289021599588780     
         653           2  0.288656538410044     
         654           2  0.288292926802360     
         655           2  0.287930757468771     
         656           2  0.287570023165808     
         657           2  0.287210716702978     
         658           2  0.286852830942261     
         659           2  0.286496358797608     
         660           2  0.286141293234449     
         661           2  0.285787627269201     
         662           2  0.285435353968790     
         663           2  0.285084466450172     
         664           2  0.284734957879858     
         665           2  0.284386821473454     
         666           2  0.284040050495193     
         667           2  0.283694638257483     
         668           2  0.283350578120458     
         669           2  0.283007863491527     
         670           2  0.282666487824938     
         671           2  0.282326444621341     
         672           2  0.281987727427356     
         673           2  0.281650329835148     
         674           2  0.281314245482008     
         675           2  0.280979468049933     
         676           2  0.280645991265214     
         677           2  0.280313808898035     
         678           2  0.279982914762061     
         679           2  0.279653302714048     
         680           2  0.279324966653443     
         681           2  0.278997900522000     
         682           2  0.278672098303390     
         683           2  0.278347554022822     
         684           2  0.278024261746666     
         685           2  0.277702215582083     
         686           2  0.277381409676650     
         687           2  0.277061838218002     
         688           2  0.276743495433469     
         689           2  0.276426375589717     
         690           2  0.276110472992398     
         691           2  0.275795781985800     
         692           2  0.275482296952503     
         693           2  0.275170012313036     
         694           2  0.274858922525537     
         695           2  0.274549022085425     
         696           2  0.274240305525063     
         697           2  0.273932767413436     
         698           2  0.273626402355821     
         699           2  0.273321204993475     
         700           2  0.273017170003312     
         701           2  0.272714292097592     
         702           2  0.272412566023609     
         703           2  0.272111986563387     
         704           2  0.271812548533377     
         705           2  0.271514246784152     
         706           2  0.271217076200114     
         707           2  0.270921031699197     
         708           2  0.270626108232580     
         709           2  0.270332300784396     
         710           2  0.270039604371444     
         711           2  0.269748014042917     
         712           2  0.269457524880111     
         713           2  0.269168131996157     
         714           2  0.268879830535746     
         715           2  0.268592615674855     
         716           2  0.268306482620484     
         717           2  0.268021426610390     
         718           2  0.267737442912821     
         719           2  0.267454526826261     
         720           2  0.267172673679173     
         721           2  0.266891878829741     
         722           2  0.266612137665623     
         723           2  0.266333445603698     
         724           2  0.266055798089822     
         725           2  0.265779190598583     
         726           2  0.265503618633060     
         727           2  0.265229077724584     
         728           2  0.264955563432500     
         729           2  0.264683071343934     
         730           2  0.264411597073560     
         731           2  0.264141136263375     
         732           2  0.263871684582462     
         733           2  0.263603237726774     
         734           2  0.263335791418910     
         735           2  0.263069341407889     
         736           2  0.262803883468936     
         737           2  0.262539413403266     
         738           2  0.262275927037870     
         739           2  0.262013420225299     
         740           2  0.261799395084381     
         741           2  0.261799395084381     
         742           2  0.261799395084381     
         743           2  0.261799395084381     
         744           2  0.261799395084381     
         745           2  0.261799395084381     
         746           2  0.261799395084381     
         747           2  0.261799395084381     
         748           2  0.261799395084381     
         749           2  0.261799395084381     
         750           2  0.261799395084381     
         751           2  0.261799395084381     
         752           2  0.261799395084381     
         753           2  0.261799395084381     
         754           2  0.261799395084381     
         755           2  0.261799395084381     
         756           2  0.261799395084381     
         757           2  0.261799395084381     
         758           2  0.261799395084381     
         759           2  0.261799395084381     
         760           2  0.261799395084381     
         761           2  0.261799395084381     
         762           2  0.261799395084381     
         763           2  0.261799395084381     
         764           2  0.261799395084381     
         765           2  0.261799395084381     
         766           2  0.261799395084381     
         767           2  0.261799395084381     
         768           2  0.261799395084381     
         769           2  0.261799395084381     
         770           2  0.261799395084381     
         771           2  0.261799395084381     
         772           2  0.261799395084381     
         773           2  0.261799395084381     
         774           2  0.261799395084381     
         775           2  0.261799395084381     
         776           2  0.261799395084381     
         777           2  0.261799395084381     
         778           2  0.261799395084381     
         779           2  0.261799395084381     
         780           2  0.261799395084381     
         781           2  0.261799395084381     
         782           2  0.261799395084381     
         783           2  0.261799395084381     
         784           2  0.261799395084381     
         785           2  0.261799395084381     
         786           2  0.261799395084381     
         787           2  0.261799395084381     
         788           2  0.261799395084381     
         789           2  0.261799395084381     
         790           2  0.261799395084381     
         791           2  0.261799395084381     
         792           2  0.261799395084381     
         793           2  0.261799395084381     
         794           2  0.261799395084381     
         795           2  0.261799395084381     
         796           2  0.261799395084381     
         797           2  0.261799395084381     
         798           2  0.261799395084381     
         799           2  0.261799395084381     
         800           2  0.261799395084381     
         801           2  0.261799395084381     
         802           2  0.261799395084381     
         803           2  0.261799395084381     
         804           2  0.261799395084381     
         805           2  0.261799395084381     
         806           2  0.261799395084381     
         807           2  0.261799395084381     
         808           2  0.261799395084381     
         809           2  0.261799395084381     
         810           2  0.261799395084381     
         811           2  0.261799395084381     
         812           2  0.261799395084381     
         813           2  0.261799395084381     
         814           2  0.261799395084381     
         815           2  0.261799395084381     
         816           2  0.261799395084381     
         817           2  0.261799395084381     
         818           2  0.261799395084381     
         819           2  0.261799395084381     
         820           2  0.261799395084381     
         821           2  0.261799395084381     
         822           2  0.261799395084381     
         823           2  0.261799395084381     
         824           2  0.261799395084381     
         825           2  0.261799395084381     
         826           2  0.261799395084381     
         827           2  0.261799395084381     
         828           2  0.261799395084381     
         829           2  0.261799395084381     
         830           2  0.261799395084381     
         831           2  0.261799395084381     
         832           2  0.261799395084381     
         833           2  0.261799395084381     
         834           2  0.261799395084381     
         835           2  0.261799395084381     
         836           2  0.261799395084381     
         837           2  0.261799395084381     
         838           2  0.261799395084381     
         839           2  0.261799395084381     
         840           2  0.261799395084381     
         841           2  0.261799395084381     
         842           2  0.261799395084381     
         843           2  0.261799395084381     
         844           2  0.261799395084381     
         845           2  0.261799395084381     
         846           2  0.261799395084381     
         847           2  0.261799395084381     
         848           2  0.261799395084381     
         849           2  0.261799395084381     
         850           2  0.261799395084381     
         851           2  0.261799395084381     
         852           2  0.261799395084381     
         853           2  0.261799395084381     
         854           2  0.261799395084381     
         855           2  0.261799395084381     
         856           2  0.261799395084381     
         857           2  0.261799395084381     
         858           2  0.261799395084381     
         859           2  0.261799395084381     
         860           2  0.261799395084381     
         861           2  0.261799395084381     
         862           2  0.261799395084381     
         863           2  0.261799395084381     
         864           2  0.261799395084381     
         865           2  0.261799395084381     
         866           2  0.261799395084381     
         867           2  0.261799395084381     
         868           2  0.261799395084381     
         869           2  0.261799395084381     
         870           2  0.261799395084381     
         871           2  0.261799395084381     
         872           2  0.261799395084381     
         873           2  0.261799395084381     
         874           2  0.261799395084381     
         875           2  0.261799395084381     
         876           2  0.261799395084381     
         877           2  0.261799395084381     
         878           2  0.261799395084381     
         879           2  0.261799395084381     
         880           2  0.261799395084381     
         881           2  0.261799395084381     
         882           2  0.261799395084381     
         883           2  0.261799395084381     
         884           2  0.261799395084381     
         885           2  0.261799395084381     
         886           2  0.261799395084381     
         887           2  0.261799395084381     
         888           2  0.261799395084381     
         889           2  0.261799395084381     
         890           2  0.261799395084381     
         891           2  0.261799395084381     
         892           2  0.261799395084381     
         893           2  0.261799395084381     
         894           2  0.261799395084381     
         895           2  0.261799395084381     
         896           2  0.261799395084381     
         897           2  0.261799395084381     
         898           2  0.261799395084381     
         899           2  0.261799395084381     
         900           2  0.261799395084381     
         901           2  0.261799395084381     
         902           2  0.261799395084381     
         903           2  0.261799395084381     
         904           2  0.261799395084381     
         905           2  0.261799395084381     
         906           2  0.261799395084381     
         907           2  0.261799395084381     
         908           2  0.261799395084381     
         909           2  0.261799395084381     
         910           2  0.261799395084381     
         911           2  0.261799395084381     
         912           2  0.261799395084381     
         913           2  0.261799395084381     
         914           2  0.261799395084381     
         915           2  0.261799395084381     
         916           2  0.261799395084381     
         917           2  0.261799395084381     
         918           2  0.261799395084381     
         919           2  0.261799395084381     
         920           2  0.261799395084381     
         921           2  0.261799395084381     
         922           2  0.261799395084381     
         923           2  0.261799395084381     
         924           2  0.261799395084381     
         925           2  0.261799395084381     
         926           2  0.261799395084381     
         927           2  0.261799395084381     
         928           2  0.261799395084381     
         929           2  0.261799395084381     
         930           2  0.261799395084381     
         931           2  0.261799395084381     
         932           2  0.261799395084381     
         933           2  0.261799395084381     
         934           2  0.261799395084381     
         935           2  0.261799395084381     
         936           2  0.261799395084381     
         937           2  0.261799395084381     
         938           2  0.261799395084381     
         939           2  0.261799395084381     
         940           2  0.261799395084381     
         941           2  0.261799395084381     
         942           2  0.261799395084381     
         943           2  0.261799395084381     
         944           2  0.261799395084381     
         945           2  0.261799395084381     
         946           2  0.261799395084381     
         947           2  0.261799395084381     
         948           2  0.261799395084381     
         949           2  0.261799395084381     
         950           2  0.261799395084381     
         951           2  0.261799395084381     
         952           2  0.261799395084381     
         953           2  0.261799395084381     
         954           2  0.261799395084381     
         955           2  0.261799395084381     
         956           2  0.261799395084381     
         957           2  0.261799395084381     
         958           2  0.261799395084381     
         959           2  0.261799395084381     
         960           2  0.261799395084381     
         961           2  0.261799395084381     
         962           2  0.261799395084381     
         963           2  0.261799395084381     
         964           2  0.261799395084381     
         965           2  0.261799395084381     
         966           2  0.261799395084381     
         967           2  0.261799395084381     
         968           2  0.261799395084381     
         969           2  0.261799395084381     
         970           2  0.261799395084381     
         971           2  0.261799395084381     
         972           2  0.261799395084381     
         973           2  0.261799395084381     
         974           2  0.261799395084381     
         975           2  0.261799395084381     
         976           2  0.261799395084381     
         977           2  0.261799395084381     
         978           2  0.261799395084381     
         979           2  0.261799395084381     
         980           2  0.261799395084381     
         981           2  0.261799395084381     
         982           2  0.261799395084381     
         983           2  0.261799395084381     
         984           2  0.261799395084381     
         985           2  0.261799395084381     
         986           2  0.261799395084381     
         987           2  0.261799395084381     
         988           2  0.261799395084381     
         989           2  0.261799395084381     
         990           2  0.261799395084381     
         991           2  0.261799395084381     
         992           2  0.261799395084381     
         993           2  0.261799395084381     
         994           2  0.261799395084381     
         995           2  0.261799395084381     
         996           2  0.261799395084381     
         997           2  0.261799395084381     
         998           2  0.261799395084381     
         999           2  0.261799395084381     
        1000           2  0.261799395084381     
        1001           2  0.261799395084381     
        1002           2  0.261799395084381     
        1003           2  0.261799395084381     
        1004           2  0.261799395084381     
        1005           2  0.261799395084381     
        1006           2  0.261799395084381     
        1007           2  0.261799395084381     
        1008           2  0.261799395084381     
        1009           2  0.261799395084381     
        1010           2  0.261799395084381     
        1011           2  0.261799395084381     
        1012           2  0.261799395084381     
        1013           2  0.261799395084381     
        1014           2  0.261799395084381     
        1015           2  0.261799395084381     
        1016           2  0.261799395084381     
        1017           2  0.261799395084381     
        1018           2  0.261799395084381     
        1019           2  0.261799395084381     
        1020           2  0.261799395084381     
        1021           2  0.261799395084381     
        1022           2  0.261799395084381     
        1023           2  0.261799395084381     
        1024           2  0.261799395084381     
        1025           2  0.261799395084381     
        1026           2  0.261799395084381     
        1027           2  0.261799395084381     
        1028           2  0.261799395084381     
        1029           2  0.261799395084381     
        1030           2  0.261799395084381     
        1031           2  0.261799395084381     
        1032           2  0.261799395084381     
        1033           2  0.261799395084381     
        1034           2  0.261799395084381     
        1035           3  0.261799395084381     
        1036           3  0.261799395084381     
        1037           3  0.261799395084381     
        1038           3  0.261799395084381     
        1039           3  0.261799395084381     
        1040           3  0.261799395084381     
        1041           3  0.261799395084381     
        1042           3  0.261799395084381     
        1043           3  0.261799395084381     
        1044           3  0.261799395084381     
        1045           3  0.261799395084381     
        1046           3  0.261799395084381     
        1047           3  0.261799395084381     
        1048           3  0.261799395084381     
        1049           3  0.261799395084381     
        1050           3  0.261799395084381     
        1051           3  0.261799395084381     
        1052           3  0.261799395084381     
        1053           3  0.261799395084381     
        1054           3  0.261799395084381     
        1055           3  0.261799395084381     
        1056           3  0.261799395084381     
        1057           3  0.261799395084381     
        1058           3  0.261799395084381     
        1059           3  0.261799395084381     
        1060           3  0.261799395084381     
        1061           3  0.261799395084381     
        1062           3  0.261799395084381     
        1063           3  0.261799395084381     
        1064           3  0.261799395084381     
        1065           3  0.261799395084381     
        1066           3  0.261799395084381     
        1067           3  0.261799395084381     
        1068           3  0.261799395084381     
        1069           3  0.261799395084381     
        1070           3  0.261799395084381     
        1071           3  0.261799395084381     
        1072           3  0.261799395084381     
        1073           3  0.261799395084381     
        1074           3  0.261799395084381     
        1075           3  0.261799395084381     
        1076           3  0.261799395084381     
        1077           3  0.261799395084381     
        1078           3  0.261799395084381     
        1079           3  0.261799395084381     
        1080           3  0.261799395084381     
        1081           3  0.261799395084381     
        1082           3  0.261799395084381     
        1083           3  0.261799395084381     
        1084           3  0.261799395084381     
        1085           3  0.261799395084381     
        1086           3  0.261799395084381     
        1087           3  0.261799395084381     
        1088           3  0.261799395084381     
        1089           3  0.261799395084381     
        1090           3  0.261799395084381     
        1091           3  0.261799395084381     
        1092           3  0.261799395084381     
        1093           3  0.261799395084381     
        1094           3  0.261799395084381     
        1095           3  0.261799395084381     
        1096           3  0.261799395084381     
        1097           3  0.261799395084381     
        1098           3  0.261799395084381     
        1099           3  0.261799395084381     
        1100           3  0.261799395084381     
        1101           3  0.261799395084381     
        1102           3  0.261799395084381     
        1103           3  0.261799395084381     
        1104           3  0.261799395084381     
        1105           3  0.261799395084381     
        1106           3  0.261799395084381     
        1107           3  0.261799395084381     
        1108           3  0.261799395084381     
        1109           3  0.261799395084381     
        1110           3  0.261799395084381     
        1111           3  0.261799395084381     
        1112           3  0.261799395084381     
        1113           3  0.261799395084381     
        1114           3  0.261799395084381     
        1115           3  0.261799395084381     
        1116           3  0.261799395084381     
        1117           3  0.261799395084381     
        1118           3  0.261799395084381     
        1119           3  0.261799395084381     
        1120           3  0.261799395084381     
        1121           3  0.261799395084381     
        1122           3  0.261799395084381     
        1123           3  0.261799395084381     
        1124           3  0.261799395084381     
        1125           3  0.261799395084381     
        1126           3  0.261799395084381     
        1127           3  0.261799395084381     
        1128           3  0.261799395084381     
        1129           3  0.261799395084381     
        1130           3  0.261799395084381     
        1131           3  0.261799395084381     
        1132           3  0.261799395084381     
        1133           3  0.261799395084381     
        1134           3  0.261799395084381     
        1135           3  0.261799395084381     
        1136           3  0.261799395084381     
        1137           3  0.261799395084381     
        1138           3  0.261799395084381     
        1139           3  0.261799395084381     
        1140           3  0.261799395084381     
        1141           3  0.261799395084381     
        1142           3  0.261799395084381     
        1143           3  0.261799395084381     
        1144           3  0.261799395084381     
        1145           3  0.261799395084381     
        1146           3  0.261799395084381     
        1147           3  0.261799395084381     
        1148           3  0.261799395084381     
        1149           3  0.261799395084381     
        1150           3  0.261799395084381     
        1151           3  0.261799395084381     
        1152           3  0.261799395084381     
        1153           3  0.261799395084381     
        1154           3  0.261799395084381     
        1155           3  0.261799395084381     
        1156           3  0.261799395084381     
        1157           3  0.261799395084381     
        1158           3  0.261799395084381     
        1159           3  0.261799395084381     
        1160           3  0.261799395084381     
        1161           3  0.261799395084381     
        1162           3  0.261799395084381     
        1163           3  0.261799395084381     
        1164           3  0.261799395084381     
        1165           3  0.261799395084381     
        1166           3  0.261799395084381     
        1167           3  0.261799395084381     
        1168           3  0.261799395084381     
        1169           3  0.261799395084381     
        1170           3  0.261799395084381     
        1171           3  0.261799395084381     
        1172           3  0.261799395084381     
        1173           3  0.261799395084381     
        1174           3  0.261799395084381     
        1175           3  0.261799395084381     
        1176           3  0.261799395084381     
        1177           3  0.261799395084381     
        1178           3  0.261799395084381     
        1179           3  0.261799395084381     
        1180           3  0.261799395084381     
        1181           3  0.261799395084381     
        1182           3  0.261799395084381     
        1183           3  0.261799395084381     
        1184           3  0.261799395084381     
        1185           3  0.261799395084381     
        1186           3  0.261799395084381     
        1187           3  0.261799395084381     
        1188           3  0.261799395084381     
        1189           3  0.261799395084381     
        1190           3  0.261799395084381     
        1191           3  0.261799395084381     
        1192           3  0.261799395084381     
        1193           3  0.261799395084381     
        1194           3  0.261799395084381     
        1195           3  0.261799395084381     
        1196           3  0.261799395084381     
        1197           3  0.261799395084381     
        1198           3  0.261799395084381     
        1199           3  0.261799395084381     
        1200           3  0.261799395084381     
        1201           3  0.261799395084381     
        1202           3  0.261799395084381     
        1203           3  0.261799395084381     
        1204           3  0.261799395084381     
        1205           3  0.261799395084381     
        1206           3  0.261799395084381     
        1207           3  0.261799395084381     
        1208           3  0.261799395084381     
        1209           3  0.261799395084381     
        1210           3  0.261799395084381     
        1211           3  0.261799395084381     
        1212           3  0.261799395084381     
        1213           3  0.261799395084381     
        1214           3  0.261799395084381     
        1215           3  0.261799395084381     
        1216           3  0.261799395084381     
        1217           3  0.261799395084381     
        1218           3  0.261799395084381     
        1219           3  0.261799395084381     
        1220           3  0.261799395084381     
        1221           3  0.261799395084381     
        1222           3  0.261799395084381     
        1223           3  0.261799395084381     
        1224           3  0.261799395084381     
        1225           3  0.261799395084381     
        1226           3  0.261799395084381     
        1227           3  0.261799395084381     
        1228           3  0.261799395084381     
        1229           3  0.261799395084381     
        1230           3  0.261799395084381     
        1231           3  0.261799395084381     
        1232           3  0.261799395084381     
        1233           3  0.261799395084381     
        1234           3  0.261799395084381     
        1235           3  0.261799395084381     
        1236           3  0.261799395084381     
        1237           3  0.261799395084381     
        1238           3  0.261799395084381     
        1239           3  0.261799395084381     
        1240           3  0.261799395084381     
        1241           3  0.261799395084381     
        1242           3  0.261799395084381     
        1243           3  0.261799395084381     
        1244           3  0.261799395084381     
        1245           3  0.261799395084381     
        1246           3  0.261799395084381     
        1247           3  0.261799395084381     
        1248           3  0.261799395084381     
        1249           3  0.261799395084381     
        1250           3  0.261799395084381     
        1251           3  0.261799395084381     
        1252           3  0.261799395084381     
        1253           3  0.261799395084381     
        1254           3  0.261799395084381     
        1255           3  0.261799395084381     
        1256           3  0.261799395084381     
        1257           3  0.261799395084381     
        1258           3  0.261799395084381     
        1259           3  0.261799395084381     
        1260           3  0.261799395084381     
        1261           3  0.261799395084381     
        1262           3  0.261799395084381     
        1263           3  0.261799395084381     
        1264           3  0.261799395084381     
        1265           3  0.261799395084381     
        1266           3  0.261799395084381     
        1267           3  0.261799395084381     
        1268           3  0.261799395084381     
        1269           3  0.261799395084381     
        1270           3  0.261799395084381     
        1271           3  0.261799395084381     
        1272           3  0.261799395084381     
        1273           3  0.261799395084381     
        1274           3  0.261799395084381     
        1275           3  0.261799395084381     
        1276           3  0.261799395084381     
        1277           3  0.261799395084381     
        1278           3  0.261799395084381     
        1279           3  0.261799395084381     
        1280           3  0.261799395084381     
        1281           3  0.261799395084381     
        1282           3  0.261799395084381     
        1283           3  0.261799395084381     
        1284           3  0.261799395084381     
        1285           3  0.261799395084381     
        1286           3  0.261799395084381     
        1287           3  0.261799395084381     
        1288           3  0.261799395084381     
        1289           3  0.261799395084381     
        1290           3  0.261799395084381     
        1291           3  0.261799395084381     
        1292           3  0.261799395084381     
        1293           3  0.261799395084381     
        1294           3  0.261799395084381     
        1295           3  0.261799395084381     
        1296           3  0.261799395084381     
        1297           3  0.261799395084381     
        1298           3  0.261799395084381     
        1299           3  0.261799395084381     
        1300           3  0.261799395084381     
        1301           3  0.261799395084381     
        1302           3  0.261799395084381     
        1303           3  0.261799395084381     
        1304           3  0.261799395084381     
        1305           3  0.261799395084381     
        1306           3  0.261799395084381     
        1307           3  0.261799395084381     
        1308           3  0.261799395084381     
        1309           3  0.261799395084381     
        1310           3  0.261799395084381     
        1311           3  0.261799395084381     
        1312           3  0.261799395084381     
        1313           3  0.261799395084381     
        1314           3  0.261799395084381     
        1315           3  0.261799395084381     
        1316           3  0.261799395084381     
        1317           3  0.261799395084381     
        1318           3  0.261799395084381     
        1319           3  0.261799395084381     
        1320           3  0.261799395084381     
        1321           3  0.261799395084381     
        1322           3  0.261799395084381     
        1323           3  0.261799395084381     
        1324           3  0.261799395084381     
        1325           3  0.261799395084381     
        1326           3  0.261799395084381     
        1327           3  0.261799395084381     
        1328           3  0.261799395084381     
        1329           3  0.261799395084381     
        1330           3  0.261799395084381     
        1331           3  0.261799395084381     
        1332           3  0.261799395084381     
        1333           3  0.261799395084381     
        1334           3  0.261799395084381     
        1335           3  0.261799395084381     
        1336           3  0.261799395084381     
        1337           3  0.261799395084381     
        1338           3  0.261799395084381     
        1339           3  0.261799395084381     
        1340           3  0.261799395084381     
        1341           3  0.261799395084381     
        1342           3  0.261799395084381     
        1343           3  0.261799395084381     
        1344           3  0.261799395084381     
        1345           3  0.261799395084381     
        1346           3  0.261799395084381     
        1347           3  0.261799395084381     
        1348           3  0.261799395084381     
        1349           3  0.261799395084381     
        1350           3  0.261799395084381     
        1351           3  0.261799395084381     
        1352           3  0.261799395084381     
        1353           3  0.261799395084381     
        1354           3  0.261799395084381     
        1355           3  0.261799395084381     
        1356           3  0.261799395084381     
        1357           3  0.261799395084381     
        1358           3  0.261799395084381     
        1359           3  0.261799395084381     
        1360           3  0.261799395084381     
        1361           3  0.261799395084381     
        1362           3  0.261799395084381     
        1363           3  0.261799395084381     
        1364           3  0.261799395084381     
        1365           3  0.261799395084381     
        1366           3  0.261799395084381     
        1367           3  0.261799395084381     
        1368           3  0.261799395084381     
        1369           3  0.261799395084381     
        1370           3  0.261799395084381     
        1371           3  0.261799395084381     
        1372           3  0.261799395084381     
        1373           3  0.261799395084381     
        1374           3  0.261799395084381     
        1375           3  0.261799395084381     
        1376           3  0.261799395084381     
        1377           3  0.261799395084381     
        1378           3  0.261799395084381     
        1379           3  0.261799395084381     
        1380           3  0.261799395084381     
        1381           3  0.261799395084381     
        1382           3  0.261799395084381     
        1383           3  0.261799395084381     
        1384           3  0.261799395084381     
        1385           3  0.261799395084381     
        1386           3  0.261799395084381     
        1387           3  0.261799395084381     
        1388           3  0.261799395084381     
        1389           3  0.261799395084381     
        1390           3  0.261799395084381     
        1391           3  0.261799395084381     
        1392           3  0.261799395084381     
        1393           3  0.261799395084381     
        1394           3  0.261799395084381     
        1395           3  0.261799395084381     
        1396           3  0.261799395084381     
        1397           3  0.261799395084381     
        1398           3  0.261799395084381     
        1399           3  0.261799395084381     
        1400           3  0.261799395084381     
        1401           3  0.261799395084381     
        1402           3  0.261799395084381     
        1403           3  0.261799395084381     
        1404           3  0.261799395084381     
        1405           3  0.261799395084381     
        1406           3  0.261799395084381     
        1407           3  0.261799395084381     
        1408           3  0.261799395084381     
        1409           3  0.261799395084381     
        1410           3  0.261799395084381     
        1411           3  0.261799395084381     
        1412           3  0.261799395084381     
        1413           3  0.261799395084381     
        1414           3  0.261799395084381     
        1415           3  0.261799395084381     
        1416           3  0.261799395084381     
        1417           3  0.261799395084381     
        1418           3  0.261799395084381     
        1419           3  0.261799395084381     
        1420           3  0.261799395084381     
        1421           3  0.261799395084381     
        1422           3  0.261799395084381     
        1423           3  0.261799395084381     
        1424           3  0.261799395084381     
        1425           3  0.261799395084381     
        1426           3  0.261799395084381     
        1427           3  0.261799395084381     
        1428           3  0.261799395084381     
        1429           3  0.261799395084381     
        1430           3  0.261799395084381     
        1431           3  0.261799395084381     
        1432           3  0.261799395084381     
        1433           3  0.261799395084381     
        1434           3  0.261799395084381     
        1435           3  0.261799395084381     
        1436           3  0.261799395084381     
        1437           3  0.261799395084381     
        1438           3  0.261799395084381     
        1439           3  0.261799395084381     
        1440           3  0.261799395084381     
        1441           3  0.261799395084381     
        1442           3  0.261799395084381     
        1443           3  0.261799395084381     
        1444           3  0.261799395084381     
        1445           3  0.261799395084381     
        1446           3  0.261799395084381     
        1447           3  0.261799395084381     
        1448           3  0.261799395084381     
        1449           3  0.261799395084381     
        1450           3  0.261799395084381     
        1451           3  0.261799395084381     
        1452           3  0.261799395084381     
        1453           3  0.261799395084381     
        1454           3  0.261799395084381     
        1455           3  0.261799395084381     
        1456           3  0.261799395084381     
        1457           3  0.261799395084381     
        1458           3  0.261799395084381     
        1459           3  0.261799395084381     
        1460           3  0.261799395084381     
        1461           3  0.261799395084381     
        1462           3  0.261799395084381     
        1463           3  0.261799395084381     
        1464           3  0.261799395084381     
        1465           3  0.261799395084381     
        1466           3  0.261799395084381     
        1467           3  0.261799395084381     
        1468           3  0.261799395084381     
        1469           3  0.261799395084381     
        1470           3  0.261799395084381     
        1471           3  0.261799395084381     
        1472           3  0.261799395084381     
        1473           3  0.261799395084381     
        1474           3  0.261799395084381     
        1475           3  0.261799395084381     
        1476           3  0.261799395084381     
        1477           3  0.261799395084381     
        1478           3  0.261799395084381     
        1479           3  0.261799395084381     
        1480           3  0.261799395084381     
        1481           3  0.261799395084381     
        1482           3  0.261799395084381     
        1483           3  0.261799395084381     
        1484           3  0.261799395084381     
        1485           3  0.261799395084381     
        1486           3  0.261799395084381     
        1487           3  0.261799395084381     
        1488           3  0.261799395084381     
        1489           3  0.261799395084381     
        1490           3  0.261799395084381     
        1491           3  0.261799395084381     
        1492           3  0.261799395084381     
        1493           3  0.261799395084381     
        1494           3  0.261799395084381     
        1495           3  0.261799395084381     
        1496           3  0.261799395084381     
        1497           3  0.261799395084381     
        1498           3  0.261799395084381     
        1499           3  0.261799395084381     
        1500           3  0.261799395084381     
        1501           3  0.261799395084381     
        1502           3  0.261799395084381     
        1503           3  0.261799395084381     
        1504           3  0.261799395084381     
        1505           3  0.261799395084381     
        1506           3  0.261799395084381     
        1507           3  0.261799395084381     
        1508           3  0.261799395084381     
        1509           3  0.261799395084381     
        1510           3  0.261799395084381     
        1511           3  0.261799395084381     
        1512           3  0.261799395084381     
        1513           3  0.261799395084381     
        1514           3  0.261799395084381     
        1515           3  0.261799395084381     
        1516           3  0.261799395084381     
        1517           3  0.261799395084381     
        1518           3  0.261799395084381     
        1519           3  0.261799395084381     
        1520           3  0.261799395084381     
        1521           3  0.261799395084381     
        1522           3  0.261799395084381     
        1523           3  0.261799395084381     
        1524           3  0.261799395084381     
        1525           3  0.261799395084381     
        1526           3  0.261799395084381     
        1527           3  0.261799395084381     
        1528           3  0.261799395084381     
        1529           3  0.261799395084381     
        1530           3  0.261799395084381     
        1531           3  0.261799395084381     
        1532           3  0.261799395084381     
        1533           3  0.261799395084381     
        1534           3  0.261799395084381     
        1535           3  0.261799395084381     
        1536           3  0.261799395084381     
        1537           3  0.261799395084381     
        1538           3  0.261799395084381     
        1539           3  0.261799395084381     
        1540           3  0.261799395084381     
        1541           3  0.261799395084381     
        1542           3  0.261799395084381     
        1543           3  0.261799395084381     
        1544           3  0.261799395084381     
        1545           3  0.261799395084381     
        1546           3  0.261799395084381     
        1547           3  0.261799395084381     
        1548           3  0.261799395084381     
        1549           3  0.261799395084381     
        1550           3  0.261799395084381     
        1551           3  0.261799395084381     
        1552           3  0.261799395084381     
        1553           3  0.261799395084381     
        1554           3  0.261799395084381     
        1555           3  0.261799395084381     
        1556           3  0.261799395084381     
        1557           3  0.261799395084381     
        1558           3  0.261799395084381     
        1559           3  0.261799395084381     
        1560           3  0.261799395084381     
        1561           3  0.261799395084381     
        1562           3  0.261799395084381     
        1563           3  0.261799395084381     
        1564           3  0.261799395084381     
        1565           3  0.261799395084381     
        1566           3  0.261799395084381     
        1567           3  0.261799395084381     
        1568           3  0.261799395084381     
        1569           3  0.261799395084381     
        1570           3  0.261799395084381     
        1571           4  0.261799395084381     
        1572           4  0.261799395084381     
        1573           4  0.261799395084381     
        1574           4  0.261799395084381     
        1575           4  0.261799395084381     
        1576           4  0.261799395084381     
        1577           4  0.261799395084381     
        1578           4  0.261799395084381     
        1579           4  0.261799395084381     
        1580           4  0.261799395084381     
        1581           4  0.261799395084381     
        1582           4  0.261799395084381     
        1583           4  0.261799395084381     
        1584           4  0.261799395084381     
        1585           4  0.261799395084381     
        1586           4  0.261799395084381     
        1587           4  0.261799395084381     
        1588           4  0.261799395084381     
        1589           4  0.261799395084381     
        1590           4  0.261799395084381     
        1591           4  0.261799395084381     
        1592           4  0.261799395084381     
        1593           4  0.261799395084381     
        1594           4  0.261799395084381     
        1595           4  0.261799395084381     
        1596           4  0.261799395084381     
        1597           4  0.261799395084381     
        1598           4  0.261799395084381     
        1599           4  0.261799395084381     
        1600           4  0.261799395084381     
