           1           1  -3.00000000000000       0.000000000000000E+000
           2           1  -2.99998532970804       9.381979349514116E-003
           3           1  -2.99994050680672       1.889326917785748E-002
           4           1  -2.99986428396758       2.853555283689885E-002
           5           1  -2.99975537390793       3.831053002084728E-002
           6           1  -2.99961244824063       4.821991663020647E-002
           7           1  -2.99943413629365       5.826544461680878E-002
           8           1  -2.99921902389890       6.844886180891345E-002
           9           1  -2.99896565214973       7.877193171531040E-002
          10           1  -2.99867251612619       8.923643330732035E-002
          11           1  -2.99833806358767       9.984416077753569E-002
          12           1  -2.99796069363197       0.110596923274095     
          13           1  -2.99753875532044       0.121496544609230     
          14           1  -2.99707054626814       0.132544862940762     
          15           1  -2.99655431119869       0.143743730425188     
          16           1  -2.99598824046288       0.155095012840905     
          17           1  -2.99537046852052       0.166600589180086     
          18           1  -2.99469907238472       0.178262351207650     
          19           1  -2.99397207002806       0.190082202985679     
          20           1  -2.99318741874986       0.202062060361606     
          21           1  -2.99234301350396       0.214203850418394     
          22           1  -2.99143668518635       0.226509510884845     
          23           1  -2.99046619888198       0.238980989504139     
          24           1  -2.98942925207006       0.251620243358582     
          25           1  -2.98832347278741       0.264429238148473     
          26           1  -2.98714641774902       0.277409947422913     
          27           1  -2.98589557042542       0.290564351760294     
          28           1  -2.98456833907616       0.303894437896098     
          29           1  -2.98316205473899       0.317402197795549     
          30           1  -2.98167396917408       0.331089627668551     
          31           1  -2.98010125276286       0.344958726924264     
          32           1  -2.97844099236109       0.359011497062522     
          33           1  -2.97669018910557       0.373249940499222     
          34           1  -2.97484575617427       0.387676059322675     
          35           1  -2.97290451649950       0.402291853977803     
          36           1  -2.97086320043375       0.417099321874932     
          37           1  -2.96871844336810       0.432100455919804     
          38           1  -2.96646678330286       0.447297242961307     
          39           1  -2.96410465837052       0.462691662153279     
          40           1  -2.96162840431079       0.478285683226591     
          41           1  -2.95903425189782       0.494081264667595     
          42           1  -2.95631832431976       0.510080351798833     
          43           1  -2.95347663451079       0.526284874757798     
          44           1  -2.95050508243591       0.542696746369319     
          45           1  -2.94739945232895       0.559317859907033     
          46           1  -2.94415540988420       0.576150086739209     
          47           1  -2.94076849940237       0.593195273853998     
          48           1  -2.93723414089162       0.610455241259058     
          49           1  -2.93354762712447       0.627931779250259     
          50           1  -2.92970412065171       0.645626645544014     
          51           1  -2.92569865077446       0.663541562267601     
          52           1  -2.92152611047576       0.681678212801602     
          53           1  -2.91718125331321       0.700038238468423     
          54           1  -2.91265869027441       0.718623235060615     
          55           1  -2.90795288659713       0.737434749202544     
          56           1  -2.90305815855645       0.756474274538687     
          57           1  -2.89796867022113       0.775743247741663     
          58           1  -2.89267843018201       0.795243044332842     
          59           1  -2.88718128825528       0.814974974308166     
          60           1  -2.88147093216388       0.834940277561570     
          61           1  -2.87554088420053       0.855140119098172     
          62           1  -2.86938449787617       0.875575584029120     
          63           1  -2.86299495455816       0.896247672339799     
          64           1  -2.85636526010267       0.917157293422793     
          65           1  -2.84948824148618       0.938305260366802     
          66           1  -2.84235654344162       0.959692283992415     
          67           1  -2.83496262510481       0.981318966625441     
          68           1  -2.82729875667748        1.00318579559820     
          69           1  -2.81935701611372        1.02529313646896     
          70           1  -2.81112928583713        1.04764122594942     
          71           1  -2.80260724949646        1.07023016452998     
          72           1  -2.79378238876820        1.09305990879213     
          73           1  -2.78464598021522        1.11613026339724     
          74           1  -2.77518909221119        1.13944087274067     
          75           1  -2.76540258194105        1.16299121225990     
          76           1  -2.75527709248888        1.18678057938526     
          77           1  -2.74480305002490        1.21080808412151     
          78           1  -2.73397066110449        1.23507263924835     
          79           1  -2.72276991009271        1.25957295012783     
          80           1  -2.71119055672893        1.28430750410635     
          81           1  -2.69922213384690        1.30927455949888     
          82           1  -2.68685394526691        1.33447213414280     
          83           1  -2.67407506387739        1.35989799350875     
          84           1  -2.66087432992471        1.38554963835574     
          85           1  -2.64724034953096        1.41142429191764     
          86           1  -2.63316149346071        1.43751888660837     
          87           1  -2.61862589615921        1.46383005023273     
          88           1  -2.60362145508553        1.49035409169039     
          89           1  -2.58813583036593        1.51708698616000     
          90           1  -2.57215644479394        1.54402435975117     
          91           1  -2.55567048420531        1.57116147361173     
          92           1  -2.53866489825772        1.59849320747826     
          93           1  -2.52112640164653        1.62601404265794     
          94           1  -2.50304147579003        1.65371804443045     
          95           1  -2.48439637101918        1.68159884385864     
          96           1  -2.46517710930893        1.70964961899778     
          97           1  -2.44536948759020        1.73786307549325     
          98           1  -2.42495908168365        1.76623142655768     
          99           1  -2.40393125089867        1.79474637231916     
         100           1  -2.38227114334308        1.82339907853296     
         101           1  -2.35996370199168        1.85218015465065     
         102           1  -2.33699367156394        1.88107963124108     
         103           1  -2.31334560626385        1.91008693675962     
         104           1  -2.28900387843749        1.93919087366306     
         105           1  -2.26395268820661        1.96837959386955     
         106           1  -2.23817607413922        1.99764057356441     
         107           1  -2.21165792502127        2.02696058735502     
         108           1  -2.18438199279618        2.05632568177995     
         109           1  -2.15633190674226        2.08572114818000     
         110           1  -2.12749118896098        2.11513149494148     
         111           1  -2.09784327125252        2.14454041912493     
         112           1  -2.06737151345785        2.17393077749569     
         113           1  -2.03605922335034        2.20328455697624     
         114           1  -2.00388967816305        2.23258284454386     
         115           1  -1.97084614784121        2.26180579660135     
         116           1  -1.93691192011304        2.29093260785297     
         117           1  -1.90207032747541        2.31994147972262     
         118           1  -1.86630477619433        2.34880958835625     
         119           1  -1.82959877742368        2.37751305225645     
         120           1  -1.79193598054937        2.40602689960286     
         121           1  -1.75330020886903        2.43432503531879     
         122           1  -1.71367549772113        2.46238020795129     
         123           1  -1.67304613518052        2.49016397643961     
         124           1  -1.63139670544061        2.51764667685470     
         125           1  -1.58871213500532        2.54479738920151     
         126           1  -1.54497774181700        2.57158390438462     
         127           1  -1.50017928744904        2.59797269144787     
         128           1  -1.45430303249430        2.62392886520917     
         129           1  -1.40733579528269        2.64941615442271     
         130           1  -1.35926501406291        2.67439687061299     
         131           1  -1.31007881278493        2.69883187773748     
         132           1  -1.25976607062058        2.72268056284853     
         133           1  -1.20831649536011        2.74590080793911     
         134           1  -1.15572070082259        2.76844896317236     
         135           1  -1.10197028841700        2.79027982171074     
         136           1  -1.04705793298967        2.81134659637751     
         137           1 -0.990977473091063        2.83160089840112     
         138           1 -0.933724005792144        2.85099271851183     
         139           1 -0.875293986175768        2.86947041067939     
         140           1 -0.815685331623746        2.88698067880162     
         141           1 -0.754897531013310        2.90346856667504     
         142           1 -0.692931758928913        2.91887745160150     
         143           1 -0.629790994985854        2.93314904200839     
         144           1 -0.565480148351143        2.94622337948445     
         145           1 -0.500006187534215        2.95803884565898     
         146           1 -0.433378275505260        2.96853217437846     
         147           1 -0.365607910182027        2.97763846966221     
         148           2 -0.297736826779334        2.98597199107005     
         149           2 -0.229611428790609        2.99433673838353     
         150           2 -0.161230894426658        3.00273281250570     
         151           2 -9.259426817642974E-002   3.01116033075856     
         152           2 -2.370059095040694E-002   3.01961941090349     
         153           2  4.545109993282109E-002   3.02811017114293     
         154           2  0.114861770760001        3.03663273012196     
         155           2  0.184532391436721        3.04518720693002     
         156           2  0.254463935500966        3.05377372110254     
         157           2  0.324657380136707        3.06239239262265     
         158           2  0.395113706187571        3.07104334192278     
         159           2  0.465833898170549        3.07972668988644     
         160           2  0.536818944289732        3.08844255784982     
         161           2  0.608069836450139        3.09719106760357     
         162           2  0.679587570271578        3.10597234139441     
         163           2  0.751373145102549        3.11478650192693     
         164           2  0.823427564034201        3.12363367236523     
         165           2  0.895751833914374        3.13251397633468     
         166           2  0.968346965361644        3.14142753792365     
         167           2   1.04121397277946        3.15037448168522     
         168           2   1.11435387437030        3.15935493263895     
         169           2   1.18776769214993        3.16836901627258     
         170           2   1.26145645196164        3.17741685854384     
         171           2   1.33542118349064        3.18649858588218     
         172           2   1.40966292027839        3.19561432519055     
         173           2   1.48418269973706        3.20476420384713     
         174           2   1.55898156316405        3.21394834970718     
         175           2   1.63406055575652        3.22316689110478     
         176           2   1.70942072662598        3.23241995685463     
         177           2   1.78506312881298        3.24170767625384     
         178           2   1.86098881930180        3.25103017908378     
         179           2   1.93719885903526        3.26038759561185     
         180           2   2.01369431292948        3.26978005659331     
         181           2   2.09047624988882        3.27920769327311     
         182           2   2.16754574282078        3.28867063738774     
         183           2   2.24490386865101        3.29816902116705     
         184           2   2.32255170833835        3.30770297733608     
         185           2   2.40049034688996        3.31727263911698     
         186           2   2.47872087337642        3.32687814023080     
         187           2   2.55724438094702        3.33651961489940     
         188           2   2.63606196684499        3.34619719784731     
         189           2   2.71517473242285        3.35591102430362     
         190           2   2.79458378315778        3.36566123000387     
         191           2   2.87429022866709        3.37544795119193     
         192           2   2.95429518272374        3.38527132462193     
         193           2   3.03459976327184        3.39513148756016     
         194           2   3.11520509244234        3.40502857778696     
         195           2   3.19611229656866        3.41496273359871     
         196           2   3.27732250620249        3.42493409380969     
         197           2   3.35883685612949        3.43494279775407     
         198           2   3.44065648538526        3.44498898528784     
         199           2   3.52278253727116        3.45507279679076     
         200           2   3.60521615937035        3.46519437316832     
         201           2   3.68795850356381        3.47535385585374     
         202           2   3.77101072604641        3.48555138680989     
         203           2   3.85437398734308        3.49578710853133     
         204           2   3.93804945232505        3.50606116404625     
         205           2   4.02203829022610        3.51637369691853     
         206           2   4.10634167465891        3.52672485124967     
         207           2   4.19096078363144        3.53711477168088     
         208           2   4.27589679956343        3.54754360339505     
         209           2   4.36115090930288        3.55801149211879     
         210           2   4.44672430414268        3.56851858412448     
         211           2   4.53261817983719        3.57906502623230     
         212           2   4.61883373661902        3.58965096581229     
         213           2   4.70537217921576        3.60027655078640     
         214           2   4.79223471686683        3.61094192963056     
         215           2   4.87942256334036        3.62164725137677     
         216           2   4.96693693695017        3.63239266561516     
         217           2   5.05477906057278        3.64317832249609     
         218           2   5.14295016166453        3.65400437273225     
         219           2   5.23145147227867        3.66487096760076     
         220           2   5.32028422908262        3.67577825894529     
         221           2   5.40944967337526        3.68672639917818     
         222           2   5.49894905110424        3.69771554128259     
         223           2   5.58878361288342        3.70874583881457     
         224           2   5.67895461401032        3.71981744590529     
         225           2   5.76946331448368        3.73093051726316     
         226           2   5.86031097902107        3.74208520817595     
         227           2   5.95149887707653        3.75328167451304     
         228           2   6.04302828285835        3.76452007272754     
         229           2   6.13490047534686        3.77580055985848     
         230           2   6.22711673831229        3.78712329353304     
         231           2   6.31967836033270        3.79848843196871     
         232           2   6.41258663481204        3.80989613397553     
         233           2   6.50584285999814        3.82134655895830     
         234           2   6.59944833900094        3.83283986691880     
         235           2   6.69340437981064        3.84437621845804     
         236           2   6.78771229531599        3.85595577477849     
         237           2   6.88237340332263        3.86757869768635     
         238           2   6.97738902657154        3.87924514959378     
         239           2   7.07276049275746        3.89095529352121     
         240           2   7.16848913454751        3.90270929309960     
         241           2   7.26457628959976        3.91450731257270     
         242           2   7.36102330058196        3.92634951679939     
         243           2   7.45783151519027        3.93823607125595     
         244           2   7.55500228616811        3.95016714203840     
         245           2   7.65253697132506        3.96214289586479     
         246           2   7.75043693355582        3.97416350007757     
         247           2   7.84870354085929        3.98622912264586     
         248           2   7.94733816635765        3.99833993216789     
         249           2   8.04634218831555        4.01049609787328     
         250           2   8.14571699015938        4.02269778962543     
         251           2   8.24546396049661        4.03494517792391     
         252           2   8.34558449313517        4.04723843390682     
         253           2   8.44607998710295        4.05957772935319     
         254           2   8.54695184666733        4.07196323668537     
         255           2   8.64820148135482        4.08439512897147     
         256           2   8.74983030597074        4.09687357992774     
         257           2   8.85183974061899        4.10939876392102     
         258           2   8.95423121072191        4.12197085597116     
         259           2   9.05700614704020        4.13459003175351     
         260           2   9.16016598569287        4.14725646760130     
         261           2   9.26371216817735        4.15997034050817     
         262           2   9.36764614138964        4.17273182813061     
         263           2   9.47196935764448        4.18554110879046     
         264           2   9.57668327469571        4.19839836147739     
         265           2   9.68178935575656        4.21130376585140     
         266           2   9.78728906952015        4.22425750224533     
         267           2   9.89318389018003        4.23725975166739     
         268           2   9.99947529745073        4.25031069580369     
         269           2   10.1061647765884        4.26341051702076     
         270           2   10.2132538184118        4.27655939836812     
         271           2   10.3207439193228        4.28975752358084     
         272           2   10.4286365813274        4.30300507708206     
         273           2   10.5369333120569        4.31630224398563     
         274           2   10.6456356247887        4.32964921009868     
         275           2   10.7547450384677        4.34304616192417     
         276           2   10.8642630777274        4.35649328666357     
         277           2   10.9741912729111        4.36999077221941     
         278           2   11.0845311600934        4.38353880719795     
         279           2   11.1952842811017        4.39713758091179     
         280           2   11.3064521835376        4.41078728338253     
         281           2   11.4180364207989        4.42448810534342     
         282           2   11.5300385521007        4.43824023824202     
         283           2   11.6424601424976        4.45204387424289     
         284           2   11.7553027629057        4.46589920623025     
         285           2   11.8685679901240        4.47980642781070     
         286           2   11.9822574068570        4.49376573331592     
         287           2   12.0963726017366        4.50777731780537     
         288           2   12.2109151693441        4.52184137706903     
         289           2   12.3258867102328        4.53595810763015     
         290           2   12.4412888309502        4.55012770674796     
         291           2   12.5571231440605        4.56435037242045     
         292           2   12.6733912681671        4.57862630338712     
         293           2   12.7900948279352        4.59295569913180     
         294           2   12.9072354541146        4.60733875988539     
         295           2   13.0248147835623        4.62177568662866     
         296           2   13.1428344592657        4.63626668109509     
         297           2   13.2612961303651        4.65081194577367     
         298           2   13.3802014521772        4.66541168391173     
         299           2   13.4995520862178        4.68006609951777     
         300           2   13.6193497002256        4.69477539736436     
         301           2   13.7395959681847        4.70953978299091     
         302           2   13.8602925703489        4.72435946270663     
         303           2   13.9814411932643        4.73923464359338     
         304           2   14.1030435297935        4.75416553350854     
         305           2   14.2251012791390        4.76915234108795     
         306           2   14.3476161468671        4.78419527574882     
         307           2   14.4705898449314        4.79929454769264     
         308           2   14.5940240916970        4.81445036790811     
         309           2   14.7179206119646        4.82966294817413     
         310           2   14.8422811369942        4.84493250106272     
         311           2   14.9671074045298        4.86025923994201     
         312           2   15.0924011588232        4.87564337897919     
         313           2   15.2181641506587        4.89108513314357     
         314           2   15.3443981373776        4.90658471820950     
         315           2   15.4711048829023        4.92214235075946     
         316           2   15.5982861577615        4.93775824818702     
         317           2   15.7259437391147        4.95343262869995     
         318           2   15.8540794107768        4.96916571132319     
         319           2   15.9826949632437        4.98495771590197     
         320           2   16.1117921937165        5.00080886310487     
         321           2   16.2413729061270        5.01671937442687     
         322           2   16.3714389111633        5.03268947219251     
         323           2   16.5019920262942        5.04871937955891     
         324           2   16.6330340757955        5.06480932051897     
         325           2   16.7645668907749        5.08095951990446     
         326           2   16.8965923091977        5.09717020338915     
         327           2   17.0291121759128        5.11344159749200     
         328           2   17.1621283426780        5.12977392958030     
         329           2   17.2956426681863        5.14616742787285     
         330           2   17.4296570180917        5.16262232144316     
         331           2   17.5641732650351        5.17913884022263     
         332           2   17.6991932886707        5.19571721500378     
         333           2   17.8347189756922        5.21235767744349     
         334           2   17.9707522198592        5.22906046006618     
         335           2   18.1072949220235        5.24582579626713     
         336           2   18.2443489901559        5.26265392031571     
         337           2   18.3819163393727        5.27954506735862     
         338           2   18.5199988919625        5.29649947342323     
         339           2   18.6585985774130        5.31351737542087     
         340           2   18.7977173324381        5.33059901115008     
         341           2   18.9373571010049        5.34774461930004     
         342           2   19.0775198343607        5.36495443945380     
         343           2   19.2182074910607        5.38222871209167     
         344           2   19.3594220369947        5.39956767859463     
         345           2   19.5011654454154        5.41697158124760     
         346           2   19.6434396969651        5.43444066324291     
         347           2   19.7862467797040        5.45197516868367     
         348           2   19.9295886891379        5.46957534258717     
         349           2   20.0734674282458        5.48724143088833     
         350           2   20.2178850075080        5.50497368044309     
         351           2   20.3628434449345        5.52277233903192     
         352           2   20.5083447660926        5.54063765536325     
         353           2   20.6543910041359        5.55856987907692     
         354           2   20.8009841998322        5.57656926074774     
         355           2   20.9481264015921        5.59463605188891     
         356           2   21.0958196654977        5.61277050495558     
         357           2   21.2440660553317        5.63097287334838     
         358           2   21.3928676426053        5.64924341141695     
         359           2   21.5422265065882        5.66758237446348     
         360           2   21.6921447343368        5.68599001874631     
         361           2   21.8426244207241        5.70446660148349     
         362           2   21.9936676684682        5.72301238085636     
         363           2   22.1452765881625        5.74162761601319     
         364           2   22.2974532983045        5.76031256707279     
         365           2   22.4501999253257        5.77906749512812     
         366           2   22.6035186036214        5.79789266224998     
         367           2   22.7574114755805        5.81678833149065     
         368           2   22.9118806916151        5.83575476688755     
         369           2   23.0669284101910        5.85479223346697     
         370           2   23.2225567978576        5.87390099724772     
         371           2   23.3787680292783        5.89308132524490     
         372           2   23.5355642872608        5.91233348547361     
         373           2   23.6929477627876        5.93165774695267     
         374           2   23.8509206550466        5.95105437970843     
         375           2   24.0094851714621        5.97052365477849     
         376           2   24.1686435277251        5.99006584421553     
         377           2   24.3283979478249        6.00968122109110     
         378           2   24.4887506640796        6.02937005949941     
         379           2   24.6497039171677        6.04913263456119     
         380           2   24.8112599561593        6.06896922242752     
         381           2   24.9734210385474        6.08888010028369     
         382           2   25.1361894302795        6.10886554635311     
         383           2   25.2995674057893        6.12892583990111     
         384           2   25.4635572480287        6.14906126123894     
         385           2   25.6281612484992        6.16927209172763     
         386           2   25.7933817072843        6.18955861378192     
         387           2   25.9592209330816        6.20992111087424     
         388           2   26.1256812432350        6.23035986753864     
         389           2   26.2927649637670        6.25087516937479     
         390           2   26.4604744294113        6.27146730305196     
         391           2   26.6288119836454        6.29213655631301     
         392           2   26.7977799787235        6.31288321797843     
         393           2   26.9673807757091        6.33370757795038     
         394           2   27.1376167445081        6.35460992721673     
         395           2   27.3084902639019        6.37559055785513     
         396           2   27.4800037215808        6.39664976303707     
         397           2   27.6521595141772        6.41778783703203     
         398           2   27.8249600472991        6.43900507521153     
         399           2   27.9984077355637        6.46030177405329     
         400           2   28.1725050026313        6.48167823114539     
         401           2   28.3472542812389        6.50313474519039     
         402           2   28.5226580132344        6.52467161600951     
         403           2   28.6987186496107        6.54628914454685     
         404           2   28.8754386505399        6.56798763287357     
         405           2   29.0528204854077        6.58976738419211     
         406           2   29.2308666328478        6.61162870284045     
         407           2   29.4095795807767        6.63357189429631     
         408           2   29.5889618264285        6.65559726518150     
         409           2   29.7690158763896        6.67770512326612     
         410           2   29.9497442466336        6.69989577747293     
         411           2   30.1311494625570        6.72216953788162     
         412           2   30.3132340590141        6.74452671573316     
         413           2   30.4960005803522        6.76696762343415     
         414           2   30.6794515804479        6.78949257456119     
         415           2   30.8635896227418        6.81210188386524     
         416           2   31.0484172802753        6.83479586727605     
         417           2   31.2339371357259        6.85757484190655     
         418           2   31.4201517814434        6.88043912605729     
         419           2   31.6070638194863        6.90338903922090     
         420           2   31.7946758616580        6.92642490208651     
         421           2   31.9829905295436        6.94954703654429     
         422           2   32.1720104545459        6.97275576568992     
         423           2   32.3617382779229        6.99605141382909     
         424           2   32.5521766508243        7.01943430648206     
         425           2   32.7433282343285        7.04290477038818     
         426           2   32.9351956994800        7.06646313351050     
         427           2   33.1277817273266        7.09010972504030     
         428           2   33.3210890089569        7.11384487540172     
         429           2   33.5151202455378        7.13766891625636     
         430           2   33.7098781483526        7.16158218050796     
         431           2   33.9053654388383        7.18558500230698     
         432           2   34.1015848486241        7.20967771705532     
         433           2   34.2985391195696        7.23386066141100     
         434           2   34.4962310038025        7.25813417329285     
         435           2   34.6946632637580        7.28249859188525     
         436           2   34.8938386722164        7.30695425764284     
         437           2   35.0937600123428        7.33150151229531     
         438           2   35.2944300777252        7.35614069885217     
         439           2   35.4958516724140        7.38087216160750     
         440           2   35.6980276109611        7.40569624614485     
         441           2   35.9009607184589        7.43061329934196     
         442           2   36.1046538305804        7.45562366937570     
         443           2   36.3091097936184        7.48072770572688     
         444           2   36.5143314645251        7.50592575918515     
         445           2   36.7203217109525        7.53121818185390     
         446           2   36.9270834112922        7.55660532715519     
         447           2   37.1346194547157        7.58208754983468     
         448           2   37.3429327412147        7.60766520596659     
         449           2   37.5520261816415        7.63333865295867     
         450           2   37.7619026977501        7.65910824955718     
         451           2   37.9725652222365        7.68497435585195     
         452           2   38.1840166987803        7.71093733328136     
         453           2   38.3962600820850        7.73699754463744     
         454           2   38.6092983379200        7.76315535407087     
         455           2   38.8231344431620        7.78941112709615     
         456           2   39.0377713858361        7.81576523059664     
         457           2   39.2532121651578        7.84221803282973     
         458           2   39.4694597915753        7.86876990343198     
         459           2   39.6865172868110        7.89542121342425     
         460           2   39.9043876839039        7.92217233521692     
         461           2   40.1230740272522        7.94902364261509     
         462           2   40.3425793726555        7.97597551082380     
         463           2   40.5629067873579        8.00302831645326     
         464           2   40.7840593500903        8.03018243752412     
         465           2   41.0060401511141        8.05743825347277     
         466           2   41.2288522922639        8.08479614515661     
         467           2   41.4524988869908        8.11225649485939     
         468           2   41.6769830604064        8.13981968629658     
         469           2   41.9023079493260        8.16748610462067     
         470           2   42.1284767023125        8.19525613642659     
         471           2   42.3554924797205        8.22313016975711     
         472           2   42.5833584537407        8.25110859410826     
         473           2   42.8120778084437        8.27919180043477     
         474           2   43.0416537398247        8.30738018115554     
         475           2   43.2720894558485        8.33567413015911     
         476           2   43.5033881764939        8.36407404280918     
         477           2   43.7355531337987        8.39258031595010     
         478           2   43.9685875719053        8.42119334791249     
         479           2   44.2024947471055        8.44991353851870     
         480           2   44.4372779278864        8.47874128908851     
         481           2   44.6729403949757        8.50767700244464     
         482           2   44.9094854413879        8.53672108291845     
         483           2   45.1469163724702        8.56587393635553     
         484           2   45.3852365059485        8.59513597012144     
         485           2   45.6244491719741        8.62450759310734     
         486           2   45.8645577131699        8.65398921573572     
         487           2   46.1055654846773        8.68358124996618     
         488           2   46.3474758542031        8.71328410930110     
         489           2   46.5902922020664        8.74309820879150     
         490           2   46.8340179212459        8.77302396504281     
         491           2   47.0786564174275        8.80306179622067     
         492           2   47.3242111090517        8.83321212205681     
         493           2   47.5706854273612        8.86347536385487     
         494           2   47.8180828164493        8.89385194449635     
         495           2   48.0664067333075        8.92434228844646     
         496           2   48.3156606478744        8.95494682176007     
         497           2   48.5658480430837        8.98566597208769     
         498           2   48.8169724149129        9.01650016868139     
         499           2   49.0690372724325        9.04744984240088     
         500           2   49.3220461378548        9.07851542571943     
         501           2   49.5760025465829        9.10969735273000     
         502           2   49.8309100472606        9.14099605915126     
         503           2   50.0867722018216        9.17241198233370     
         504           2   50.3435925855394        9.20394556126570     
         505           2   50.6013747870774        9.23559723657973     
         506           2   50.8601224085386        9.26736745055846     
         507           2   51.1198390655165        9.29925664714095     
         508           2   51.3805283871452        9.33126527192886     
         509           2   51.6421940161503        9.36339377219266     
         510           2   51.9048396089000        9.39564259687790     
         511           2   52.1684688354556        9.42801219661150     
         512           2   52.4330853796233        9.46050302370798     
         513           2   52.6986929390056        9.49311553217584     
         514           2   52.9652952250528        9.52585017772390     
         515           2   53.2328959631148        9.55870741776764     
         516           2   53.5014988924937        9.59168771143562     
         517           2   53.7711077664953        9.62479151957586     
         518           2   54.0417263524821        9.65801930476233     
         519           2   54.3133584319256        9.69137153130135     
         520           2   54.5860078004593        9.72484866523814     
         521           2   54.8596782679320        9.75845117436331     
         522           2   55.1343736584603        9.79217952821936     
         523           2   55.4100978104829        9.82603419810732     
         524           2   55.6868545768137        9.86001565709324     
         525           2   55.9646478246956        9.89412438001489     
         526           2   56.2434814358549        9.92836084348832     
         527           2   56.5233593065554        9.96272552591459     
         528           2   56.8042853476526        9.99721890748638     
         529           2   57.0862634846487        10.0318414701948     
         530           2   57.3692976577472        10.0665936978360     
         531           2   57.6533918219081        10.1014760760179     
         532           2   57.9385499469031        10.1364890921674     
         533           2   58.2247760173711        10.1716332355366     
         534           2   58.5120740328739        10.2069089972099     
         535           2   58.8004480079519        10.2423168701108     
         536           2   59.0899019721806        10.2778573490092     
         537           2   59.3804399702265        10.3135309305275     
         538           2   59.6720660619038        10.3493381131483     
         539           2   59.9647843222311        10.3852793972211     
         540           2   60.2585988414884        10.4213552849689     
         541           2   60.5535137252741        10.4575662804960     
         542           2   60.8495330945627        10.4939128897945     
         543           2   61.1466610857618        10.5303956207512     
         544           2   61.4449018507705        10.5670149831554     
         545           2   61.7442595570372        10.6037714887053     
         546           2   62.0447383876178        10.6406656510158     
         547           2   62.3463425412340        10.6776979856249     
         548           2   62.6490762323322        10.7148690100016     
         549           2   62.9529436911424        10.7521792435530     
         550           2   63.2579491637372        10.7896292076311     
         551           2   63.5640969120911        10.8272194255407     
         552           2   63.8713912141402        10.8649504225462     
         553           2   64.1798363638419        10.9028227258794     
         554           2   64.4894366712347        10.9408368647465     
         555           2   64.8001964624989        10.9789933703356     
         556           2   65.1121200800166        11.0172927758242     
         557           2   65.4252118824326        11.0557356163866     
         558           2   65.7394762447153        11.0943224292015     
         559           2   66.0549175582177        11.1330537534591     
         560           2   66.3715402307389        11.1719301303692     
         561           2   66.6893486865857        11.2109521031683     
         562           2   67.0083473666343        11.2501202171276     
         563           2   67.3285407283924        11.2894350195601     
         564           2   67.6499332460615        11.3288970598287     
         565           2   67.9725294105995        11.3685068893537     
         566           2   68.2963337297836        11.4082650616207     
         567           2   68.6213507282724        11.4481721321877     
         568           2   68.9475849476705        11.4882286586939     
         569           2   69.2750409465910        11.5284352008664     
         570           2   69.6037233007193        11.5687923205289     
         571           2   69.9336366028775        11.6093005816090     
         572           2   70.2647854630879        11.6499605501462     
         573           2   70.5971745086382        11.6907727943001     
         574           2   70.9308083841455        11.7317378843580     
         575           2   71.2656917516214        11.7728563927429     
         576           2   71.6018292905374        11.8141288940217     
         577           2   71.9392256978901        11.8555559649131     
         578           2   72.2778856882665        11.8971381842956     
         579           2   72.6178139939105        11.9388761332156     
         580           2   72.9590153647886        11.9807703948959     
         581           2   73.3014945686565        12.0228215547431     
         582           2   73.6452563911254        12.0650302003564     
         583           2   73.9903056357294        12.1073969215358     
         584           2   74.3366471239920        12.1499223102898     
         585           2   74.6842856954940        12.1926069608443     
         586           2   75.0332262079407        12.2354514696505     
         587           2   75.3834735372304        12.2784564353935     
         588           3   75.7337127080317        12.3215277773594     
         589           3   76.0842253513738        12.3647676765242     
         590           3   76.4350116159625        12.4081764862266     
         591           3   76.7860716503744        12.4517545604171     
         592           3   77.1374056030573        12.4955022536588     
         593           3   77.4890136223283        12.5394199211285     
         594           3   77.8408958563740        12.5835079186176     
         595           3   78.1930524532488        12.6277666025324     
         596           3   78.5454835608747        12.6721963298960     
         597           3   78.8981893270401        12.7167974583482     
         598           3   79.2511698993990        12.7615703461471     
         599           3   79.6044254254705        12.8065153521695     
         600           3   79.9579560526375        12.8516328359122     
         601           3   80.3117619281465        12.8969231574927     
         602           3   80.6658431991059        12.9423866776499     
         603           3   81.0202000124857        12.9880237577452     
         604           3   81.3748325151168        13.0338347597637     
         605           3   81.7297408536897        13.0798200463145     
         606           3   82.0849251747541        13.1259799806320     
         607           3   82.4403856247175        13.1723149265765     
         608           3   82.7961223498451        13.2188252486357     
         609           3   83.1521354962580        13.2655113119246     
         610           3   83.5084252099335        13.3123734821874     
         611           3   83.8649916367030        13.3594121257978     
         612           3   84.2218349222519        13.4066276097601     
         613           3   84.5789552121187        13.4540203017103     
         614           3   84.9363526516939        13.5015905699162     
         615           3   85.2940273862192        13.5493387832797     
         616           3   85.6519795607868        13.5972653113363     
         617           3   86.0102093203381        13.6453705242567     
         618           3   86.3687168096632        13.6936547928478     
         619           3   86.7275021734001        13.7421184885531     
         620           3   87.0865655560332        13.7907619834544     
         621           3   87.4459071018932        13.8395856502717     
         622           3   87.8055269551558        13.8885898623650     
         623           3   88.1654252598405        13.9377749937348     
         624           3   88.5256021598104        13.9871414190228     
         625           3   88.8860577987709        14.0366895135134     
         626           3   89.2467923202688        14.0864196531340     
         627           3   89.6078058676912        14.1363322144565     
         628           3   89.9690985842654        14.1864275746976     
         629           3   90.3306706130568        14.2367061117203     
         630           3   90.6925220969691        14.2871682040344     
         631           3   91.0546531787425        14.3378142307975     
         632           3   91.4170640009534        14.3886445718160     
         633           3   91.7797547060134        14.4396596075461     
         634           3   92.1427254361679        14.4908597190945     
         635           3   92.5059763334956        14.5422452882195     
         636           3   92.8695075399077        14.5938166973319     
         637           3   93.2333191971464        14.6455743294955     
         638           3   93.5974114467847        14.6975185684290     
         639           3   93.9617844302247        14.7496497985056     
         640           3   94.3264382886972        14.8019684047554     
         641           3   94.6913731632606        14.8544747728648     
         642           3   95.0565891948001        14.9071692891788     
         643           3   95.4220865240262        14.9600523407009     
         644           3   95.7878652914744        15.0131243150947     
         645           3   96.1539256375040        15.0663856006843     
         646           3   96.5202677022970        15.1198365864556     
         647           3   96.8868916258575        15.1734776620572     
         648           3   97.2537975480103        15.2273092178011     
         649           3   97.6209856084001        15.2813316446638     
         650           3   97.9884559464907        15.3355453342872     
         651           3   98.3562087015640        15.3899506789797     
         652           3   98.7242440127187        15.4445480717165     
         653           3   99.0925620188696        15.4993379061417     
         654           3   99.4611628587468        15.5543205765677     
         655           3   99.8300466708940        15.6094964779775     
         656           3   100.199213593669        15.6648660060251     
         657           3   100.568663765240        15.7204295570361     
         658           3   100.938397323588        15.7761875280091     
         659           3   101.308414406503        15.8321403166166     
         660           3   101.678715151585        15.8882883212057     
         661           3   102.049299696242        15.9446319407993     
         662           3   102.420168177688        16.0011715750966     
         663           3   102.791320732944        16.0579076244749     
         664           3   103.162757498837        16.1148404899893     
         665           3   103.534478611996        16.1719705733748     
         666           3   103.906484208856        16.2292982770467     
         667           3   104.278774425650        16.2868240041014     
         668           3   104.651349398415        16.3445481583177     
         669           3   105.024209262989        16.4024711441576     
         670           3   105.397354155005        16.4605933667670     
         671           3   105.770784209898        16.5189152319774     
         672           3   106.144499562897        16.5774371463057     
         673           3   106.518500349028        16.6361595169560     
         674           3   106.892786703114        16.6950827518205     
         675           3   107.267358759767        16.7542072594800     
         676           3   107.642216653396        16.8135334492053     
         677           3   108.017360518200        16.8730617309577     
         678           3   108.392790488169        16.9327925153905     
         679           3   108.768506697082        16.9927262138494     
         680           3   109.144509278507        17.0528632383738     
         681           3   109.520798365799        17.1132040016976     
         682           3   109.897374092102        17.1737489172504     
         683           3   110.274236590340        17.2344983991578     
         684           3   110.651385993228        17.2954528622431     
         685           3   111.028822433258        17.3566127220282     
         686           3   111.406546042708        17.4179783947338     
         687           3   111.784556953636        17.4795502972812     
         688           3   112.162855297879        17.5413288472927     
         689           3   112.541441207055        17.6033144630929     
         690           3   112.920314812557        17.6655075637096     
         691           3   113.299476245558        17.7279085688744     
         692           3   113.678925637004        17.7905178990242     
         693           3   114.058663117616        17.8533359753019     
         694           3   114.438688817889        17.9163632195571     
         695           3   114.819002868090        17.9796000543475     
         696           3   115.199605398258        18.0430469029397     
         697           3   115.580496538200        18.1067041893101     
         698           3   115.961676417494        18.1705723381457     
         699           3   116.343145165485        18.2346517748456     
         700           3   116.724902911285        18.2989429255212     
         701           3   117.106949783771        18.3634462169981     
         702           3   117.489285911586        18.4281620768159     
         703           3   117.871911423134        18.4930909332304     
         704           3   118.254826446583        18.5582332152135     
         705           3   118.638031109861        18.6235893524551     
         706           3   119.021525540657        18.6891597753630     
         707           3   119.405309866418        18.7549449150650     
         708           3   119.789384214349        18.8209452034090     
         709           3   120.173748711411        18.8871610729645     
         710           3   120.558403484321        18.9535929570231     
         711           3   120.943348659550        19.0202412896001     
         712           3   121.328584363321        19.0871065054347     
         713           3   121.714110721611        19.1541890399916     
         714           3   122.099927860145        19.2214893294616     
         715           3   122.486035904400        19.2890078107630     
         716           3   122.872434979600        19.3567449215418     
         717           3   123.259125210716        19.4247011001735     
         718           3   123.646106722465        19.4928767857636     
         719           3   124.033379639310        19.5612724181488     
         720           3   124.420944085457        19.6298884378976     
         721           3   124.808800184853        19.6987252863118     
         722           3   125.196948061187        19.7677834054270     
         723           3   125.585387837891        19.8370632380140     
         724           3   125.974119638130        19.9065652275793     
         725           3   126.363143584813        19.9762898183666     
         726           3   126.752459800579        20.0462374553572     
         727           3   127.142068407808        20.1164085842716     
         728           3   127.531969528610        20.1868036515699     
         729           3   127.922163284830        20.2574231044533     
         730           3   128.312649798044        20.3282673908645     
         731           3   128.703429189556        20.3993369594891     
         732           3   129.094501580403        20.4706322597566     
         733           3   129.485867091347        20.5421537418412     
         734           3   129.877525842879        20.6139018566627     
         735           3   130.269477955212        20.6858770558878     
         736           3   130.661723548286        20.7580797919306     
         737           3   131.054262741764        20.8305105179543     
         738           3   131.447095655027        20.9031696878712     
         739           3   131.840222407182        20.9760577563447     
         740           3   132.233643117050        21.0491751787897     
         741           3   132.627357903172        21.1225224113734     
         742           3   133.021366883807        21.1960999110170     
         743           3   133.415670176926        21.2699081353961     
         744           3   133.810267900218        21.3439475429415     
         745           3   134.205160171081        21.4182185928413     
         746           3   134.600347106627        21.4927217450403     
         747           3   134.995828823678        21.5674574602425     
         748           3   135.391605438763        21.6424261999107     
         749           3   135.787677068121        21.7176284262688     
         750           3   136.184043827696        21.7930646023017     
         751           3   136.580705833138        21.8687351917570     
         752           3   136.977663199800        21.9446406591455     
         753           3   137.374916042737        22.0207814697428     
         754           3   137.772464476707        22.0971580895896     
         755           3   138.170308616165        22.1737709854930     
         756           3   138.568448575267        22.2506206250276     
         757           3   138.966884467865        22.3277074765364     
         758           3   139.365616407508        22.4050320091317     
         759           3   139.764644507439        22.4825946926960     
         760           3   140.163968880592        22.5603959978834     
         761           3   140.563589639596        22.6384363961203     
         762           3   140.963506896770        22.7167163596062     
         763           3   141.363720764121        22.7952363613152     
         764           3   141.764231353344        22.8739968749965     
         765           3   142.165038775821        22.9529983751758     
         766           3   142.566143142620        23.0322413371559     
         767           3   142.967544564491        23.1117262370180     
         768           3   143.369243151868        23.1914535516225     
         769           3   143.771239014865        23.2714237586101     
         770           3   144.173532263276        23.3516373364029     
         771           3   144.576123006574        23.4320947642050     
         772           3   144.979011353907        23.5127965220040     
         773           3   145.382197414102        23.5937430905716     
         774           3   145.785681295656        23.6749349514649     
         775           3   146.189463106743        23.7563725870271     
         776           3   146.593542955205        23.8380564803886     
         777           3   146.997920948555        23.9199871154683     
         778           3   147.402597193977        24.0021649769740     
         779           3   147.807571798318        24.0845905504038     
         780           3   148.212844868095        24.1672643220473     
         781           3   148.618416509486        24.2501867789858     
         782           3   149.024286828334        24.3333584090946     
         783           3   149.430455930143        24.4167797010424     
         784           3   149.836923920076        24.5004511442935     
         785           3   150.243690902958        24.5843732291086     
         786           3   150.650756983267        24.6685464465452     
         787           3   151.058122265141        24.7529712884593     
         788           3   151.465786852369        24.8376482475058     
         789           3   151.873750848394        24.9225778171403     
         790           3   152.282014356312        25.0077604916193     
         791           3   152.690577478867        25.0931967660013     
         792           3   153.099440318453        25.1788871361485     
         793           3   153.508602977111        25.2648320987270     
         794           3   153.918065556528        25.3510321512081     
         795           3   154.327828158033        25.4374877918694     
         796           3   154.737890882600        25.5241995197958     
         797           3   155.148253830844        25.6111678348802     
         798           3   155.558917103019        25.6983932378248     
         799           3   155.969880799019        25.7858762301422     
         800           3   156.381145018372        25.8736173141558     
         801           3   156.792709860244        25.9616169930018     
         802           3   157.204575423434        26.0498757706290     
         803           3   157.616741806373        26.1383941518008     
         804           3   158.029209107123        26.2271726420959     
         805           3   158.441977423375        26.3162117479089     
         806           3   158.855046852448        26.4055119764520     
         807           3   159.268417491288        26.4950738357553     
         808           3   159.682089436465        26.5848978346684     
         809           3   160.096062784174        26.6749844828609     
         810           3   160.510337630228        26.7653342908239     
         811           3   160.924914070064        26.8559477698706     
         812           3   161.339792198735        26.9468254321376     
         813           3   161.754972110914        27.0379677905855     
         814           3   162.170453900886        27.1293753590003     
         815           3   162.586237662554        27.2210486519943     
         816           3   163.002323489429        27.3129881850072     
         817           3   163.418711474637        27.4051944743067     
         818           3   163.835401710911        27.4976680369899     
         819           3   164.252394290593        27.5904093909842     
         820           3   164.669689305629        27.6834190550482     
         821           3   165.087286847574        27.7766975487731     
         822           3   165.505187007581        27.8702453925829     
         823           3   165.923389876407        27.9640631077364     
         824           3   166.341895544410        28.0581512163274     
         825           3   166.760704101545        28.1525102412861     
         826           3   167.179815637363        28.2471407063800     
         827           3   167.599230241010        28.3420431362150     
         828           3   168.018948001228        28.4372180562363     
         829           3   168.438969006348        28.5326659927294     
         830           3   168.859293344294        28.6283874728211     
         831           3   169.279921102575        28.7243830244806     
         832           3   169.700852368291        28.8206531765205     
         833           3   170.122087228124        28.9171984585978     
         834           3   170.543625768343        29.0140194012147     
         835           3   170.965468074796        29.1111165357197     
         836           3   171.387614232913        29.2084903943092     
         837           3   171.810064327704        29.3061415100272     
         838           3   172.232818443754        29.4040704167677     
         839           3   172.655876665225        29.5022776492748     
         840           3   173.079239075852        29.6007637431442     
         841           3   173.502905758942        29.6995292348237     
         842           3   173.926876797375        29.7985746616148     
         843           3   174.351152273596        29.8979005616733     
         844           3   174.775732269621        29.9975074740104     
         845           3   175.200616867028        30.0973959384937     
         846           3   175.625806146962        30.1975664958483     
         847           3   176.051300190128        30.2980196876577     
         848           3   176.477099076793        30.3987560563649     
         849           3   176.903202886782        30.4997761452731     
         850           3   177.329611699475        30.6010804985474     
         851           3   177.756325593811        30.7026696612149     
         852           3   178.183344648281        30.8045441791664     
         853           3   178.610668940927        30.9067045991572     
         854           3   179.038298549343        31.0091514688076     
         855           3   179.466233550670        31.1118853366053     
         856           3   179.894474021596        31.2149067519046     
         857           3   180.323020038354        31.3182162649285     
         858           3   180.751871676721        31.4218144267699     
         859           3   181.181029012014        31.5257017893918     
         860           3   181.610492119092        31.6298789056286     
         861           3   182.040261072349        31.7343463291875     
         862           3   182.470335945719        31.8391046146491     
         863           3   182.900716812666        31.9441543174682     
         864           3   183.331403746191        32.0494959939757     
         865           3   183.762396818823        32.1551302013787     
         866           3   184.193696102621        32.2610574977615     
         867           3   184.625301669172        32.3672784420875     
         868           3   185.057213589587        32.4737935941991     
         869           3   185.489431934503        32.5806035148196     
         870           3   185.921956774078        32.6877087655535     
         871           3   186.354788177988        32.7951099088882     
         872           3   186.787926215432        32.9028075081942     
         873           3   187.221370955121        33.0108021277270     
         874           3   187.655122465283        33.1190943326272     
         875           3   188.089180813659        33.2276846889220     
         876           3   188.523546067500        33.3365737635264     
         877           3   188.958218293567        33.4457621242436     
         878           3   189.393197558129        33.5552503397666     
         879           3   189.828483926959        33.6650389796787     
         880           3   190.264077465336        33.7751286144547     
         881           3   190.699978238037        33.8855198154624     
         882           3   191.136186309344        33.9962131549625     
         883           3   191.572701743033        34.1072092061106     
         884           3   192.009524602379        34.2185085429576     
         885           3   192.446654950150        34.3301117404512     
         886           3   192.884092848607        34.4420193744364     
         887           3   193.321838359501        34.5542320216567     
         888           3   193.759891544074        34.6667502597553     
         889           3   194.198252463051        34.7795746672756     
         890           3   194.636921176646        34.8927058236629     
         891           3   195.075897744554        35.0061443092646     
         892           3   195.515182225950        35.1198907053320     
         893           3   195.954774679492        35.2339455940204     
         894           3   196.394675163313        35.3483095583911     
         895           3   196.834883735019        35.4629831824114     
         896           3   197.275400451695        35.5779670509565     
         897           3   197.716225369893        35.6932617498098     
         898           3   198.157358545637        35.8088678656642     
         899           3   198.598800034418        35.9247859861231     
         900           3   199.040549891192        36.0410166997012     
         901           3   199.482608170381        36.1575605958261     
         902           3   199.924974925866        36.2744182648381     
         903           3   200.367650210989        36.3915902979925     
         904           3   200.810634078552        36.5090772874597     
         905           3   201.253926580809        36.6268798263267     
         906           3   201.697527769471        36.7449985085977     
         907           3   202.141437695701        36.8634339291955     
         908           3   202.585656410109        36.9821866839619     
         909           3   203.030183962756        37.1012573696595     
         910           3   203.475020403149        37.2206465839719     
         911           3   203.920165780236        37.3403549255050     
         912           3   204.365620142410        37.4603829937884     
         913           3   204.811383537504        37.5807313892756     
         914           3   205.257456012786        37.7014007133457     
         915           3   205.703837614962        37.8223915683036     
         916           3   206.150528390173        37.9437045573819     
         917           3   206.597528383990        38.0653402847413     
         918           3   207.044837641413        38.1872993554717     
         919           3   207.492456206873        38.3095823755930     
         920           3   207.940384124224        38.4321899520567     
         921           3   208.388621436744        38.5551226927462     
         922           3   208.837168187134        38.6783812064780     
         923           3   209.286024417514        38.8019661030027     
         924           3   209.735190169419        38.9258779930064     
         925           3   210.184665483803        39.0501174881106     
         926           3   210.634450401031        39.1746852008744     
         927           3   211.084544960881        39.2995817447948     
         928           3   211.534949202538        39.4248077343078     
         929           3   211.985663164595        39.5503637847892     
         930           3   212.436686885050        39.6762505125560     
         931           3   212.888020401305        39.8024685348672     
         932           3   213.339663750159        39.9290184699243     
         933           3   213.791616967814        40.0559009368731     
         934           3   214.243880089865        40.1831165558040     
         935           3   214.696453151303        40.3106659477534     
         936           3   215.149336186512        40.4385497347044     
         937           3   215.602529229263        40.5667685395878     
         938           3   216.056032312717        40.6953229862834     
         939           3   216.509845469421        40.8242136996204     
         940           3   216.963968731304        40.9534413053788     
         941           3   217.418402129678        41.0830064302902     
         942           3   217.873145695233        41.2129097020388     
         943           3   218.328199458036        41.3431517492625     
         944           3   218.783563447530        41.4737332015536     
         945           3   219.239237692530        41.6046546894599     
         946           3   219.695222221221        41.7359168444858     
         947           3   220.151517061157        41.8675202990928     
         948           3   220.608122239256        41.9994656867011     
         949           3   221.065037781804        42.1317536416901     
         950           3   221.522263714444        42.2643847993997     
         951           3   221.979800062182        42.3973597961307     
         952           3   222.437646849379        42.5306792691464     
         953           3   222.895804099751        42.6643438566732     
         954           3   223.354271836368        42.7983541979014     
         955           3   223.813050081649        42.9327109329869     
         956           3   224.272138857363        43.0674147030511     
         957           3   224.731538184623        43.2024661501826     
         958           3   225.191248083886        43.3378659174382     
         959           3   225.651268574952        43.4736146488432     
         960           3   226.111599676958        43.6097129893928     
         961           3   226.572241408380        43.7461615850532     
         962           3   227.033193787026        43.8829610827623     
         963           3   227.494456830039        44.0201121304304     
         964           3   227.956030553889        44.1576153769417     
         965           3   228.417914974377        44.2954714721551     
         966           3   228.880110106626        44.4336810669045     
         967           3   229.342615965085        44.5722448130008     
         968           3   229.805432563521        44.7111633632321     
         969           3   230.268559915021        44.8504373713646     
         970           3   230.731998031989        44.9900674921442     
         971           3   231.195746926140        45.1300543812969     
         972           3   231.659806608503        45.2703986955297     
         973           3   232.124177089414        45.4111010925317     
         974           3   232.588858378516        45.5521622309753     
         975           3   233.053850484758        45.6935827705164     
         976           3   233.519153416389        45.8353633717961     
         977           3   233.984767180958        45.9775046964417     
         978           3   234.450691785312        46.1200074070664     
         979           3   234.916927235592        46.2628721672716     
         980           3   235.383473537230        46.4060996416473     
         981           4   235.663378787563        46.4921094943143     
         982           4   236.111227188095        46.6297252585815     
         983           4   236.659841478747        46.7983045698088     
         984           4   237.268915303471        46.9854620092122     
         985           4   237.914264848638        47.1837663255213     
         986           4   238.581379826070        47.3887587679737     
         987           4   239.261554062863        47.5977640861122     
         988           4   239.949563855271        47.8091771296623     
         989           4   240.642274981048        48.0220348084594     
         990           4   241.337806906847        48.2357592684047     
         991           4   242.035031312660        48.4500037970389     
         992           4   242.733271206480        48.6645603668864     
         993           4   243.432120393104        48.8793041614620     
         994           4   244.131335155412        49.0941602908743     
         995           4   244.830769263129        49.3090838211888     
         996           4   245.530334978092        49.5240477920444     
         997           4   246.229979657402        49.7390360272249     
         998           4   246.929671715321        49.9540388210002     
         999           4   247.629392200405        50.1690503499324     
        1000           4   248.329129741788        50.3840671199587     
