           1           1  -3.80100000000000       0.000000000000000E+000
           2           1  -3.80099353584000       8.040000000000002E-003
           3           1  -3.80097346359000       1.628999999999999E-002
           4           1  -3.80093894159000       2.471000000000001E-002
           5           1  -3.80088911100000       3.330000000000000E-002
           6           1  -3.80082301151000       4.207000000000002E-002
           7           1  -3.80074000199000       5.099000000000002E-002
           8           1  -3.80063891919000       6.009000000000003E-002
           9           1  -3.80051891904000       6.936000000000010E-002
          10           1  -3.80037905600000       7.880000000000006E-002
          11           1  -3.80021836719000       8.841000000000016E-002
          12           1  -3.80003567600000       9.820000000000018E-002
          13           1  -3.79982992511000       0.108170000000000     
          14           1  -3.79959980111000       0.118330000000000     
          15           1  -3.79934491775000       0.128650000000000     
          16           1  -3.79906289276000       0.139180000000000     
          17           1  -3.79875329879000       0.149890000000000     
          18           1  -3.79841433600000       0.160800000000000     
          19           1  -3.79804469519000       0.171910000000000     
          20           1  -3.79764377600000       0.183200000000000     
          21           1  -3.79720880159000       0.194710000000000     
          22           1  -3.79673907836000       0.206420000000001     
          23           1  -3.79623276444000       0.218340000000000     
          24           1  -3.79568835791000       0.230470000000000     
          25           1  -3.79510433039000       0.242810000000001     
          26           1  -3.79447810556000       0.255380000000001     
          27           1  -3.79380902144000       0.268160000000001     
          28           1  -3.79309321839000       0.281190000000001     
          29           1  -3.79233109751000       0.294430000000001     
          30           1  -3.79151852736000       0.307920000000001     
          31           1  -3.79065541431000       0.321630000000001     
          32           1  -3.78973726400000       0.335600000000001     
          33           1  -3.78876329639000       0.349810000000001     
          34           1  -3.78773000816000       0.364280000000001     
          35           1  -3.78663665799000       0.378990000000001     
          36           1  -3.78547955184000       0.393960000000001     
          37           1  -3.78425553600000       0.409200000000000     
          38           1  -3.78296299100000       0.424700000000001     
          39           1  -3.78159685599000       0.440490000000001     
          40           1  -3.78015803591000       0.456530000000000     
          41           1  -3.77863939631000       0.472870000000000     
          42           1  -3.77703995399000       0.489490000000001     
          43           1  -3.77535590400000       0.506400000000000     
          44           1  -3.77358430400000       0.523600000000000     
          45           1  -3.77171999679000       0.541110000000001     
          46           1  -3.76976084336000       0.558920000000000     
          47           1  -3.76770248384000       0.577040000000000     
          48           1  -3.76554154791000       0.595470000000000     
          49           1  -3.76327337916000       0.614220000000000     
          50           1  -3.76089311100000       0.633300000000000     
          51           1  -3.75839696559000       0.652710000000000     
          52           1  -3.75578109975000       0.672450000000000     
          53           1  -3.75304021991000       0.692530000000000     
          54           1  -3.75017022975000       0.712950000000000     
          55           1  -3.74716402871000       0.733730000000000     
          56           1  -3.74401712831000       0.754870000000000     
          57           1  -3.74072496231000       0.776370000000000     
          58           1  -3.73728448316000       0.798220000000000     
          59           1  -3.73368453884000       0.820460000000000     
          60           1  -3.72992161136000       0.843080000000000     
          61           1  -3.72599054336000       0.866080000000000     
          62           1  -3.72188431191000       0.889470000000000     
          63           1  -3.71759744375000       0.913250000000000     
          64           1  -3.71312062464000       0.937440000000000     
          65           1  -3.70844790384000       0.962040000000000     
          66           1  -3.70357322975000       0.987050000000000     
          67           1  -3.69848842496000        1.01248000000000     
          68           1  -3.69318292775000        1.03835000000000     
          69           1  -3.68765416704000        1.06464000000000     
          70           1  -3.68188896956000        1.09138000000000     
          71           1  -3.67588682684000        1.11854000000000     
          72           1  -3.66962943311000        1.14617000000000     
          73           1  -3.66310899671000        1.17427000000000     
          74           1  -3.65632481039000        1.20281000000000     
          75           1  -3.64925948511000        1.23183000000000     
          76           1  -3.64190466311000        1.26133000000000     
          77           1  -3.63424926576000        1.29132000000000     
          78           1  -3.62628447600000        1.32180000000000     
          79           1  -3.61800133271000        1.35277000000000     
          80           1  -3.60938796224000        1.38424000000000     
          81           1  -3.60042925871000        1.41623000000000     
          82           1  -3.59111234375000        1.44875000000001     
          83           1  -3.58143576671000        1.48177000000001     
          84           1  -3.57137446843999        1.51534000000003     
          85           1  -3.56092356864000        1.54944000000000     
          86           1  -3.55006588719000        1.58409000000000     
          87           1  -3.53878351239000        1.61931000000000     
          88           1  -3.52707763964000        1.65506000000000     
          89           1  -3.51491998679000        1.69139000000000     
          90           1  -3.50229445439000        1.72831000000000     
          91           1  -3.48919503600000        1.76580000000000     
          92           1  -3.47560530231000        1.80387000000000     
          93           1  -3.46149726464000        1.84256000000000     
          94           1  -3.44686782144000        1.88184000000000     
          95           1  -3.43169153724000        1.92174000000000     
          96           1  -3.41595749375000        1.96225000000000     
          97           1  -3.39963884400000        2.00340000000000     
          98           1  -3.38271569600000        2.04520000000000     
          99           1  -3.36518427356000        2.08762000000000     
         100           1  -3.34700322816000        2.13072000000000     
         101           1  -3.32816802191000        2.17447000000000     
         102           1  -3.30864827900000        2.21890000000000     
         103           1  -3.28843040000000        2.26400000000000     
         104           1  -3.26748239600000        2.30980000000000     
         105           1  -3.24578503100000        2.35630000000000     
         106           1  -3.22330916096000        2.40352000000000     
         107           1  -3.20003438684000        2.45146000000000     
         108           1  -3.17593499831000        2.50013000000000     
         109           1  -3.15097947975000        2.54955000000000     
         110           1  -3.12514039271000        2.59973000000000     
         111           1  -3.09838955376000        2.65068000000000     
         112           1  -3.07070342400000        2.70240000000000     
         113           1  -3.04203606951000        2.75493000000000     
         114           1  -3.01235634416000        2.80828000000000     
         115           1  -2.98164372464000        2.86244000000000     
         116           1  -2.94983687991000        2.91747000000000     
         117           1  -2.91691897775000        2.97335000000000     
         118           1  -2.88284333879000        3.03011000000000     
         119           1  -2.84756146716000        3.08778000000000     
         120           1  -2.81104187504000        3.14636000000000     
         121           1  -2.77322051900000        3.20590000000000     
         122           1  -2.73406310400000        3.26640000000000     
         123           1  -2.69350815900000        3.32790000000000     
         124           1  -2.65149844151000        3.39043000000000     
         125           1  -2.60798149199000        3.45401000000000     
         126           1  -2.56288206839000        3.51869000000000     
         127           1  -2.51615031296000        3.58448000000000     
         128           1  -2.46769128975000        3.65145000000001     
         129           1  -2.41745758399999        3.71960000000001     
         130           1  -2.36534032198999        3.78901000000002     
         131           1  -2.31125615215998        3.85972000000003     
         132           1  -2.25511846670996        3.93177000000005     
         133           1  -2.19681326471000        4.00523000000000     
         134           1  -2.13624575804000        4.08014000000000     
         135           1  -2.07328427036000        4.15658000000000     
         136           1  -2.00779087631000        4.23463000000000     
         137           1  -1.93962977904000        4.31436000000000     
         138           1  -1.86864148604000        4.39586000000000     
         139           1  -1.79465881916000        4.47922000000000     
         140           1  -1.71751571696000        4.56452000000000     
         141           1  -1.63697333519000        4.65191000000000     
         142           1  -1.55284622391000        4.74147000000000     
         143           1  -1.46487277775000        4.83335000000000     
         144           1  -1.37665980947027        4.92375892030645     
         145           1  -1.28899076893846        5.01199484343464     
         146           1  -1.20208771464972        5.09795281005060     
         147           1  -1.11617353863070        5.18153110708534     
         148           2  -1.03147164534717        5.26263085790066     
         149           2 -0.948205660272828        5.34115562376455     
         150           2 -0.866599164620979        5.41701101658380     
         151           2 -0.786875452839148        5.49010432247043     
         152           2 -0.709257309585961        5.56034413540568     
         153           2 -0.633966803040003        5.62764000000000     
         154           2 -0.559724603160001        5.69322000000000     
         155           2 -0.484946721791816        5.75851828008576     
         156           2 -0.409676830031915        5.82350682146770     
         157           2 -0.333891650500767        5.88821564610132     
         158           2 -0.257590868628882        5.95265414027316     
         159           2 -0.180774093678258        6.01683131417338     
         160           2 -0.103440861188166        6.08075582375401     
         161           2 -2.559063530838435E-002   6.14443599095280     
         162           2  5.277718897440042E-002   6.20787982243084     
         163           2  0.131663283711840        6.27109502695649     
         164           2  0.211068385965766        6.33408903155439     
         165           2  0.290993295872040        6.39686899652638     
         166           2  0.371438874791912        6.45944182944000     
         167           2  0.452406043546723        6.52181419817118     
         168           2  0.533895780732020        6.58399254307902     
         169           2  0.615909121107291        6.64598308838301     
         170           2  0.698447154057718        6.70779185280649     
         171           2  0.781511022124717        6.76942465954435     
         172           2  0.865101919601852        6.83088714560697     
         173           2  0.949221091193258        6.89218477058854     
         174           2   1.03386983073164        6.95332282490295     
         175           2   1.11904947995297        7.01430643752679     
         176           2   1.20476142732556        7.07514058328565     
         177           2   1.29100710693065        7.13583008971671     
         178           2   1.37778799739255        7.19637964353782     
         179           2   1.46510562085586        7.25679379675065     
         180           2   1.55296154200760        7.31707697240339     
         181           2   1.64135736714244        7.37723347003634     
         182           2   1.73029474326894        7.43726747083157     
         183           2   1.81977535725500        7.49718304248669     
         184           2   1.90980093501084        7.55698414383069     
         185           2   2.00037324070774        7.61667462919858     
         186           2   2.09149407603106        7.67625825258053     
         187           2   2.18316527946603        7.73573867155944     
         188           2   2.27538872561484        7.79511945105066     
         189           2   2.36816632454367        7.85440406685553     
         190           2   2.46150002115841        7.91359590904060     
         191           2   2.55539179460779        7.97269828515277     
         192           2   2.64984365771280        8.03171442328025     
         193           2   2.74485765642121        8.09064747496837     
         194           2   2.84043586928625        8.14950051799879     
         195           2   2.93658040696817        8.20827655903977     
         196           2   3.03329341175809        8.26697853617517     
         197           2   3.13057705712287        8.32560932131869     
         198           2   3.22843354727040        8.38417172252000     
         199           2   3.32686511673426        8.44266848616850     
         200           2   3.42587402997700        8.50110229910039     
         201           2   3.52546258101146        8.55947579061443     
         202           2   3.62563309303906        8.61779153440083     
         203           2   3.72638791810469        8.67605205038829     
         204           2   3.82772943676761        8.73425980651344     
         205           2   3.92966005778696        8.79241722041610     
         206           2   4.03218221782245        8.85052666106512     
         207           2   4.13529838114870        8.90859045031744     
         208           2   4.23901103938324        8.96661086441429     
         209           2   4.34332271122732        9.02459013541741     
         210           2   4.44823594221918        9.08253045258819     
         211           2   4.55375330449930        9.14043396371272     
         212           2   4.65987739658714        9.19830277637518     
         213           2   4.76661084316894        9.25613895918214     
         214           2   4.87395629489620        9.31394454294001     
         215           2   4.98191642819434        9.37172152178795     
         216           2   5.09049394508130        9.42947185428818     
         217           2   5.19969157299561        9.48719746447580     
         218           2   5.30951206463364        9.54490024286982     
         219           2   5.41995819779561        9.60258204744724     
         220           2   5.53103277524019        9.66024470458186     
         221           2   5.64273862454733        9.71789000994935     
         222           2   5.75507859798877        9.77551972939995     
         223           2   5.86805557240652        9.83313559980056     
         224           2   5.98167244909843        9.89073932984710     
         225           2   6.09593215371100        9.94833260084875     
         226           2   6.21083763613900        10.0059170674851     
         227           2   6.32639187043178        10.0634943585376     
         228           2   6.44259785470591        10.1210660775957     
         229           2   6.55945861106406        10.1786338037401     
         230           2   6.67697718551985        10.2361990922021     
         231           2   6.79515664792845        10.2937634750020     
         232           2   6.91400009192291        10.3513284615661     
         233           2   7.03351063485563        10.4088955393239     
         234           2   7.15369141774543        10.4664661742851     
         235           2   7.27454560522939        10.5240418115995     
         236           2   7.39607638551977        10.5816238760975     
         237           2   7.51828697036565        10.6392137728150     
         238           2   7.64118059501910        10.6968128875002     
         239           2   7.76476051820609        10.7544225871062     
         240           2   7.88903002210129        10.8120442202672     
         241           2   8.01399241230753        10.8696791177603     
         242           2   8.13965101783912        10.9273285929541     
         243           2   8.26600919110906        10.9849939422419     
         244           2   8.39307030792027        11.0426764454639     
         245           2   8.52083776746052        11.1003773663153     
         246           2   8.64931499230087        11.1580979527431     
         247           2   8.77850542839777        11.2158394373305     
         248           2   8.90841254509852        11.2736030376710     
         249           2   9.03903983515014        11.3313899567309     
         250           2   9.17039081471140        11.3892013832013     
         251           2   9.30246902336801        11.4470384918406     
         252           2   9.43527802415104        11.5049024438067     
         253           2   9.56882140355811        11.5627943869802     
         254           2   9.70310277157767        11.6207154562779     
         255           2   9.83812576171605        11.6786667739584     
         256           2   9.97389403102728        11.7366494499185     
         257           2   10.1104112601457        11.7946645819819     
         258           2   10.2476811533211        11.8527132561794     
         259           2   10.3857074384565        11.9107965470226     
         260           2   10.5244938671485        11.9689155177687     
         261           2   10.6640442147297        12.0270712206795     
         262           2   10.8043622803143        12.0852646972726     
         263           2   10.9454518868455        12.1434969785666     
         264           2   11.0873168811448        12.2017690853191     
         265           2   11.2299611339648        12.2600820282594     
         266           2   11.3733885400426        12.3184368083140     
         267           2   11.5176030181569        12.3768344168276     
         268           2   11.6626085111861        12.4352758357771     
         269           2   11.8084089861688        12.4937620379807     
         270           2   11.9550084343667        12.5522939873024     
         271           2   12.1024108713287        12.6108726388497     
         272           2   12.2506203369578        12.6694989391680     
         273           2   12.3996408955793        12.7281738264290     
         274           2   12.5494766360111        12.7868982306152     
         275           2   12.7001316716358        12.8456730736991     
         276           2   12.8516101404745        12.9044992698185     
         277           2   13.0039162052630        12.9633777254476     
         278           2   13.1570540535284        13.0223093395635     
         279           2   13.3110278976690        13.0812950038094     
         280           2   13.4658419750346        13.1403356026529     
         281           2   13.6215005480095        13.1994320135412     
         282           2   13.7780079040962        13.2585851070528     
         283           2   13.9353683560011        13.3177957470450     
         284           2   14.0935862417224        13.3770647907986     
         285           2   14.2526659246380        13.4363930891583     
         286           2   14.4126117935970        13.4957814866709     
         287           2   14.5734282630108        13.5552308217200     
         288           2   14.7351197729470        13.6147419266569     
         289           2   14.8976907892242        13.6743156279297     
         290           2   15.0611458035079        13.7339527462082     
         291           2   15.2254893334092        13.7936540965073     
         292           2   15.3907259225832        13.8534204883066     
         293           2   15.5568601408301        13.9132527256677     
         294           2   15.7238965841971        13.9731516073494     
         295           2   15.8918398750815        14.0331179269190     
         296           2   16.0606946623361        14.0931524728629     
         297           2   16.2304656213745        14.1532560286934     
         298           2   16.4011574542794        14.2134293730540     
         299           2   16.5727748899103        14.2736732798219     
         300           2   16.7453226840146        14.3339885182089     
         301           2   16.9188056193381        14.3943758528594     
         302           2   17.0932285057382        14.4548360439467     
         303           2   17.2685961802973        14.5153698472679     
         304           2   17.4449135074385        14.5759780143353     
         305           2   17.6221853790414        14.6366612924674     
         306           2   17.8004167145601        14.6974204248773     
         307           2   17.9796124611420        14.7582561507591     
         308           2   18.1597775937480        14.8191692053731     
         309           2   18.3409171152733        14.8801603201287     
         310           2   18.5230360566707        14.9412302226660     
         311           2   18.7061394770733        15.0023796369354     
         312           2   18.8902324639205        15.0636092832762     
         313           2   19.0753201330830        15.1249198784929     
         314           2   19.2614076289909        15.1863121359305     
         315           2   19.4485001247614        15.2477867655478     
         316           2   19.6366028223291        15.3093444739901     
         317           2   19.8257209525760        15.3709859646595     
         318           2   20.0158597754638        15.4327119377846     
         319           2   20.2070245801669        15.4945230904881     
         320           2   20.3992206852064        15.5564201168541     
         321           2   20.5924534385857        15.6184037079932     
         322           2   20.7867282179264        15.6804745521067     
         323           2   20.9820504306066        15.7426333345494     
         324           2   21.1784255138989        15.8048807378920     
         325           2   21.3758589351107        15.8672174419810     
         326           2   21.5743561917246        15.9296441239987     
         327           2   21.7739228115412        15.9921614585212     
         328           2   21.9745643528214        16.0547701175761     
         329           2   22.1762864044315        16.1174707706983     
         330           2   22.3790945859878        16.1802640849857     
         331           2   22.5829945480037        16.2431507251529     
         332           2   22.7879919720367        16.3061313535850     
         333           2   22.9940925708376        16.3692066303891     
         334           2   23.2013020885000        16.4323772134466     
         335           2   23.4096263006113        16.4956437584628     
         336           2   23.6190710144045        16.5590069190167     
         337           2   23.8296420689112        16.6224673466099     
         338           2   24.0413453351163        16.6860256907139     
         339           2   24.2541867161127        16.7496825988174     
         340           2   24.4681721472577        16.8134387164725     
         341           2   24.6833075963307        16.8772946873398     
         342           2   24.8995990636914        16.9412511532329     
         343           2   25.1170525824400        17.0053087541626     
         344           2   25.3356742185770        17.0694681283797     
         345           2   25.5554700711661        17.1337299124172     
         346           2   25.7764462724960        17.1980947411322     
         347           2   25.9986089882453        17.2625632477467     
         348           2   26.2218755510731        17.3271173996912     
         349           2   26.4461443708460        17.3918916756198     
         350           2   26.6703640576961        17.4566517607683     
         351           2   26.8957589230476        17.5217512659779     
         352           2   27.1223351274036        17.5871919705514     
         353           2   27.3500988527002        17.6529756599819     
         354           2   27.5790563313491        17.7191041343411     
         355           2   27.8092138211277        17.7855792010269     
         356           2   28.0405776057850        17.8524026749384     
         357           2   28.2731540102681        17.9195763828739     
         358           2   28.5069493908384        17.9871021606759     
         359           2   28.7419701361631        18.0549818535463     
         360           2   28.9782226707624        18.1232173170426     
         361           2   29.2157134418892        18.1918104132877     
         362           2   29.4544489490638        18.2607630195008     
         363           2   29.6944357168633        18.3300770201380     
         364           2   29.9356802904132        18.3997543055904     
         365           2   30.1781892752302        18.4697967836915     
         366           2   30.4219692976266        18.5402063682810     
         367           2   30.6670270087945        18.6109849803845     
         368           2   30.9133691149801        18.6821345569286     
         369           2   31.1610023466353        18.7536570418311     
         370           2   31.4099334683947        18.8255543888827     
         371           2   31.6601692841722        18.8978285632186     
         372           2   31.9117166280488        18.9704815386874     
         373           2   32.1645823837587        19.0435153034783     
         374           2   32.4187734520344        19.1169318506905     
         375           2   32.6742967824537        19.1907331875305     
         376           2   32.9311593547767        19.2649213299224     
         377           2   33.1893681964891        19.3394983075745     
         378           2   33.4489303532927        19.4144661554565     
         379           2   33.7098529245121        19.4898269240256     
         380           2   33.9721430327264        19.5655826704553     
         381           2   34.2358078624795        19.6417354698163     
         382           2   34.5008546023054        19.7182873983315     
         383           2   34.7672905040768        19.7952405505178     
         384           2   35.0351228376285        19.8725970260798     
         385           2   35.3043589339129        19.9503589423743     
         386           2   35.5750061488245        20.0285284239623     
         387           2   35.8470718685292        20.1071076041475     
         388           2   36.1205635373584        20.1860986330335     
         389           2   36.3954886247335        20.2655036679704     
         390           2   36.6718546484714        20.3453248802861     
         391           2   36.9496691549484        20.4255644495571     
         392           2   37.2289397404160        20.5062245697652     
         393           2   37.5096740284588        20.5873074427866     
         394           2   37.7918797007619        20.6688152872782     
         395           2   38.0755644652707        20.7507503294817     
         396           2   38.3607360701018        20.8331148072412     
         397           2   38.6474023120299        20.9159109724543     
         398           2   38.9355710240185        20.9991410874709     
         399           2   39.2252500845784        21.0828074277960     
         400           2   39.5164474031292        21.1669122778620     
         401           2   39.8091709417599        21.2514579373132     
         402           2   40.1034286922209        21.3364467143612     
         403           2   40.3992287088624        21.4218809352975     
         404           2   40.6965790656394        21.5077629320764     
         405           2   40.9954878896357        21.5940950519967     
         406           2   41.2959633471159        21.6808796536738     
         407           2   41.5980136509425        21.7681191091817     
         408           2   41.9016470612843        21.8558158042574     
         409           2   42.2068718646025        21.9439721322320     
         410           2   42.5136964084932        22.0325905040938     
         411           2   42.8221290811545        22.1216733425578     
         412           2   43.1321782955071        22.2112230774797     
         413           2   43.4438525397272        22.3012421604507     
         414           2   43.7571603330611        22.3917330520358     
         415           2   44.0721102151110        22.4826982186793     
         416           2   44.3887108145739        22.5741401525581     
         417           2   44.7069707696678        22.6660613485993     
         418           2   45.0268987941963        22.7584643235607     
         419           2   45.3485036175399        22.8513515986991     
         420           2   45.6717940262456        22.9447257117826     
         421           2   45.9967788647538        23.0385892173000     
         422           2   46.3234670001774        23.1329446762887     
         423           2   46.6518673721117        23.2277946707206     
         424           2   46.9819889589227        23.3231417937658     
         425           2   47.3138407566482        23.4189886436980     
         426           2   47.6474318586495        23.5153378469008     
         427           2   47.9827713760730        23.6121920348943     
         428           2   48.3198684597629        23.7095538506641     
         429           2   48.6587323380313        23.8074259595708     
         430           2   48.9993722650961        23.9058110344569     
         431           2   49.3417975461749        24.0047117628951     
         432           2   49.6860175389618        24.1041308476145     
         433           2   50.0320416528896        24.2040710062874     
         434           2   50.3798793428167        24.3045349697065     
         435           2   50.7295401134961        24.4055254830749     
         436           2   51.0810335211762        24.5070453064690     
         437           2   51.4343691690949        24.6090972135369     
         438           2   51.7895567164540        24.7116839940904     
         439           2   52.1466058611295        24.8148084491113     
         440           2   52.5055263679421        24.9184733989169     
         441           2   52.8663280454306        25.0226816764509     
         442           2   53.2290207475198        25.1274361277661     
         443           2   53.5936143895589        25.2327396166557     
         444           2   53.9601189367453        25.3385950213106     
         445           2   54.3285443964573        25.4450052321043     
         446           2   54.6989008395553        25.5519731577458     
         447           2   55.0711983930639        25.6595017231652     
         448           2   55.4454472251073        25.7675938651637     
         449           2   55.8216575638900        25.8762525378948     
         450           2   56.1998396898538        25.9854807105995     
         451           2   56.5800039388337        26.0952813685177     
         452           2   56.9621606935823        26.2056575104403     
         453           2   57.3463204047181        26.3166121547593     
         454           2   57.7324935676523        26.4281483328042     
         455           2   58.1206907424791        26.5402690945864     
         456           2   58.5109225140936        26.6529774972803     
         457           2   58.9031995696536        26.7662766275964     
         458           2   59.2975326193775        26.8801695789057     
         459           2   59.6939324386993        26.9946594634148     
         460           2   60.0924098669678        27.1097494117906     
         461           2   60.4929757870993        27.2254425672835     
         462           2   60.8956411484018        27.3417420923191     
         463           2   61.3004169525038        27.4586511644347     
         464           2   61.7073142529045        27.5761729761490     
         465           2   62.1163441817781        27.6943107427041     
         466           2   62.5275179093058        27.8130676903191     
         467           2   62.9408466768699        27.9324470657781     
         468           2   63.3563417742313        28.0524521298379     
         469           2   63.7740145580359        28.1730861625733     
         470           2   64.1938764409200        28.2943524602306     
         471           2   64.6159388977362        28.4162543370256     
         472           2   65.0402134606090        28.5387951237155     
         473           2   65.4667117220262        28.6619781684922     
         474           2   65.8954453403175        28.7858068385640     
         475           2   66.3264260268246        28.9102845164506     
         476           2   66.7596655686836        29.0354146065629     
         477           2   67.1951757943576        29.1612005252478     
         478           2   67.6329686084526        29.2876457108445     
         479           2   68.0730559760769        29.4147536191665     
         480           2   68.5154499235567        29.5425277237086     
         481           2   68.9601625331331        29.6709715141151     
         482           2   69.4072059660642        29.8000885028523     
         483           2   69.8565924331738        29.9298822167025     
         484           2   70.3083342221589        30.0603562046507     
         485           2   70.7624436689321        30.1915140296076     
         486           2   71.2189331861687        30.3233592766550     
         487           2   71.6778152499973        30.4558955492015     
         488           2   72.1391023996695        30.5891264688872     
         489           2   72.6028072349554        30.7230556748314     
         490           3   73.0590069155918        30.8548172100372     
         491           3   73.5144269792565        30.9863535729480     
         492           3   73.9690691032705        31.1176652480148     
         493           3   74.4229349616913        31.2487527187461     
         494           3   74.8760262199091        31.3796164661468     
         495           3   75.3283445438070        31.5102569713645     
         496           3   75.7798915793585        31.6406747097963     
         497           3   76.2306689900697        31.7708701619031     
         498           3   76.6806784134524        31.9008438006379     
         499           3   77.1299214848986        32.0305960983417     
         500           3   77.5783998662587        32.1601275349972     
         501           3   78.0261151595335        32.2894385733011     
         502           3   78.4730690031823        32.4185296864802     
         503           3   78.9192630178183        32.5474013426069     
         504           3   79.3646988037166        32.6760540038795     
         505           3   79.8093779868053        32.8044881399054     
         506           3   80.2533021683754        32.9327042131763     
         507           3   80.6964729420455        33.0607026839680     
         508           3   81.1388919132351        33.1884840159645     
         509           3   81.5805606532293        33.3160486629912     
         510           3   82.0214807644600        33.4433970878692     
         511           3   82.4616538234225        33.5705297459285     
         512           3   82.9010813991069        33.6974470903317     
         513           3   83.3397650669759        33.8241495761105     
         514           3   83.7777063833546        33.9506376527694     
         515           3   84.2149069192790        34.0769117740617     
         516           3   84.6513682193813        34.2029723861147     
         517           3   85.0870918426204        34.3288199391935     
         518           3   85.5220793311504        34.4544548787096     
         519           3   85.9563322235958        34.5798776490552     
         520           3   86.3898520637430        34.7050886961131     
         521           3   86.8226403693145        34.8300884582384     
         522           3   87.2546986794415        34.9548773799697     
         523           3   87.6860285109478        35.0794558994023     
         524           3   88.1166313790497        35.2038244541676     
         525           3   88.5465088047767        35.3279834835757     
         526           3   88.9756622871199        35.4519334205717     
         527           3   89.4040933323251        35.5756747001958     
         528           3   89.8318034430813        35.6992077564611     
         529           3   90.2587941016897        35.8225330174922     
         530           3   90.6850668132531        35.9456509179993     
         531           3   91.1106230476996        36.0685618825332     
         532           3   91.5354642969046        36.1912663419837     
         533           3   91.9595920329619        36.3137647215273     
         534           3   92.3830077259132        36.4360574457477     
         535           3   92.8057128464888        36.5581449394275     
         536           3   93.2277088555631        36.6800276245025     
         537           3   93.6489972102894        36.8017059218341     
         538           3   94.0695793602220        36.9231802500887     
         539           3   94.4894567705867        37.0444510324591     
         540           3   94.9086308701272        37.1655186816011     
         541           3   95.3271031091284        37.2863836163921     
         542           3   95.7448749124578        37.4070462483685     
         543           3   96.1619477271920        37.5275069954811     
         544           3   96.5783229679477        37.6477662663055     
         545           3   96.9940020676182        37.7678244746961     
         546           3   97.4089864434188        37.8876820299789     
         547           3   97.8232775084980        38.0073393403057     
         548           3   98.2368766754796        38.1267968136764     
         549           3   98.6497853473784        38.2460548553157     
         550           3   99.0620049318519        38.3651138717893     
         551           3   99.4735368252636        38.4839742664008     
         552           3   99.8843824214925        38.6026364417363     
         553           3   100.294543111268        38.7211007994722     
         554           3   100.704020279984        38.8393677397437     
         555           3   101.112815311789        38.9574376623267     
         556           3   101.520929580143        39.0753109639098     
         557           3   101.928364465280        39.1929880431377     
         558           3   102.335121327780        39.3104692929793     
         559           3   102.741201541855        39.4277551103403     
         560           3   103.146606469845        39.5448458886974     
         561           3   103.551337458890        39.6617420171373     
         562           3   103.955395874788        39.7784438901355     
         563           3   104.358783060510        39.8949518955752     
         564           3   104.761500365395        40.0112664231776     
         565           3   105.163549134155        40.1273878613282     
         566           3   105.564930693655        40.2433165932583     
         567           3   105.965646397240        40.3590530098461     
         568           3   106.365697548456        40.4745974875879     
         569           3   106.765085495234        40.5899504157985     
         570           3   107.163811557880        40.7051121758144     
         571           3   107.561877050066        40.8200831470561     
         572           3   107.959283288218        40.9348637097391     
         573           3   108.356031584078        41.0494542427265     
         574           3   108.752123249880        41.1638551250232     
         575           3   109.147559578353        41.2780667300008     
         576           3   109.542341879095        41.3920894359031     
         577           3   109.936471445462        41.5059236162822     
         578           3   110.329949570384        41.6195696445681     
         579           3   110.722777544951        41.7330278936588     
         580           3   111.114956649620        41.8462987333814     
         581           3   111.506488167569        41.9593825343487     
         582           3   111.897373381296        42.0722796669773     
         583           3   112.287613558880        42.1849904975190     
         584           3   112.677209975634        42.2975153943154     
         585           3   113.066163897604        42.4098547230314     
         586           3   113.454476587886        42.5220088484795     
         587           3   113.842149306977        42.6339781347218     
         588           3   114.229183310941        42.7457629445402     
         589           3   114.615579849453        42.8573636388710     
         590           3   115.001340181259        42.9687805812708     
         591           3   115.386465545427        43.0800141296124     
         592           3   115.770957184306        43.1910646427162     
         593           3   116.154816338062        43.3019324787724     
         594           3   116.538044241802        43.4126179945099     
         595           3   116.920642128241        43.5231215459664     
         596           3   117.302611224492        43.6334434875622     
         597           3   117.683952759039        43.7435841741133     
         598           3   118.064667951948        43.8535439580042     
         599           3   118.444758018119        43.9633231901274     
         600           3   118.824224178093        44.0729222230051     
         601           3   119.203067639695        44.1823414054862     
         602           3   119.581289612263        44.2915810868567     
         603           3   119.958891301604        44.4006416153834     
         604           3   120.335873908717        44.5095233379437     
         605           3   120.712238636782        44.6182266020448     
         606           3   121.087986670409        44.7267517498317     
         607           3   121.463119204568        44.8350991264398     
         608           3   121.837637432524        44.9432690765132     
         609           3   122.211542537156        45.0512619416964     
         610           3   122.584835700581        45.1590780634133     
         611           3   122.957518101378        45.2667177820664     
         612           3   123.329590915207        45.3741814372142     
         613           3   123.701055315728        45.4814693678383     
         614           3   124.071912467065        45.5885819101663     
         615           3   124.442163529051        45.6955193991861     
         616           3   124.811809691460        45.8022821785332     
         617           3   125.180852088574        45.9088705758155     
         618           3   125.549291884428        46.0152849272350     
         619           3   125.917130232287        46.1215255658821     
         620           3   126.284368282497        46.2275928240051     
         621           3   126.651007182004        46.3334870328695     
         622           3   127.017048072903        46.4392085223403     
         623           3   127.382492102141        46.5447576236832     
         624           3   127.747340401704        46.6501346638439     
         625           3   128.111594107911        46.7553399710183     
         626           3   128.475254352963        46.8603738722138     
         627           3   128.838322265767        46.9652366934859     
         628           3   129.200798971421        47.0699287597906     
         629           3   129.562685593013        47.1744503955027     
         630           3   129.923983250233        47.2788019240157     
         631           3   130.284693059793        47.3829836678633     
         632           3   130.644816136860        47.4869959491327     
         633           3   131.004353591966        47.5908390885726     
         634           3   131.363306525077        47.6945134038798     
         635           3   131.721676052032        47.7980192173357     
         636           3   132.079463271076        47.9013568461398     
         637           3   132.436669279570        48.0045266072370     
         638           3   132.793295175522        48.1075288177586     
         639           3   133.149342051547        48.2103637932782     
         640           3   133.504810998464        48.3130318488509     
         641           3   133.859703103050        48.4155332983640     
         642           3   134.214019450420        48.5178684552253     
         643           3   134.567761124324        48.6200376324481     
         644           3   134.920929197898        48.7220411399797     
         645           3   135.273524753189        48.8238792903420     
         646           3   135.625548859126        48.9255523922675     
         647           3   135.977002593298        49.0270607569899     
         648           3   136.327887014973        49.1284046904518     
         649           3   136.678203195953        49.2295845022153     
         650           3   137.027952194486        49.3306004979282     
         651           3   137.377135070792        49.4314529838077     
         652           3   137.725752881877        49.5321422651431     
         653           3   138.073806681655        49.6326686463300     
         654           3   138.421297520911        49.7330324308604     
         655           3   138.768226449111        49.8332339218460     
         656           3   139.114594511534        49.9332734211886     
         657           3   139.460402750271        50.0331512298695     
         658           3   139.805652208976        50.1328676493207     
         659           3   140.150343922569        50.2324229784530     
         660           3   140.494478926145        50.3318175162265     
         661           3   140.838058253247        50.4310515611534     
         662           3   141.181082933263        50.5301254105461     
         663           3   141.523553993547        50.6290393611293     
         664           3   141.865472459263        50.7277937089954     
         665           3   142.206839349505        50.8263887484833     
         666           3   142.547655686717        50.9248247748998     
         667           3   142.887922486522        51.0231020815812     
         668           3   143.227640763054        51.1212209614342     
         669           3   143.566811528197        51.2191817067152     
         670           3   143.905435790371        51.3169846086808     
         671           3   144.243514557718        51.4146299585065     
         672           3   144.581048831712        51.5121180454424     
         673           3   144.918039613173        51.6094491585498     
         674           3   145.254487903431        51.7066235870365     
         675           3   145.590394698023        51.8036416184385     
         676           3   145.925760990742        51.9005035397869     
         677           3   146.260587772803        51.9972096373685     
         678           3   146.594876032957        52.0937601967589     
         679           3   146.928626757605        52.1901555028546     
         680           3   147.261840931947        52.2863958402050     
         681           3   147.594519533293        52.3824814910813     
         682           3   147.926663544728        52.4784127394221     
         683           3   148.258273941388        52.5741898668700     
         684           3   148.589351697357        52.6698131547649     
         685           3   148.919897784438        52.7652828837863     
         686           3   149.249913165922        52.8605993321564     
         687           3   149.579398825793        52.9557627840739     
         688           3   149.908355711530        53.0507735131930     
         689           3   150.236784790807        53.1456317990020     
         690           3   150.564687022554        53.2403379184628     
         691           3   150.892063366263        53.3348921487005     
         692           3   151.218914774691        53.4292947648937     
         693           3   151.545242201165        53.5235460423871     
         694           3   151.871046595777        53.6176462555898     
         695           3   152.196328906648        53.7115956783422     
         696           3   152.521090078813        53.8053945835935     
         697           3   152.845331055889        53.8990432438830     
         698           3   153.169052780229        53.9925419313856     
         699           3   153.492256188245        54.0858909165592     
         700           3   153.814942214859        54.1790904694322     
         701           3   154.137111800979        54.2721408617615     
         702           3   154.458765871492        54.3650423606772     
         703           3   154.779905358552        54.4577952354080     
         704           3   155.100531188829        54.5503997535983     
         705           3   155.420644287609        54.6428561824934     
         706           3   155.740245577643        54.7351647886063     
         707           3   156.059335979446        54.8273258378035     
         708           3   156.377916412239        54.9193395955790     
         709           3   156.695987789346        55.0112063257227     
         710           3   157.013551027203        55.1029262929237     
         711           3   157.330607036749        55.1944997602828     
         712           3   157.647156727405        55.2859269904632     
         713           3   157.963201006348        55.3772082454795     
         714           3   158.278740780272        55.4683437872070     
         715           3   158.593776947496        55.5593338751018     
         716           3   158.908310413428        55.6501787706684     
         717           3   159.222342074953        55.7408787329480     
         718           3   159.535872828988        55.8314340209926     
         719           3   159.848903568271        55.9218448926464     
         720           3   160.161435186805        56.0121116061194     
         721           3   160.473468573914        56.1022344182695     
         722           3   160.785004617993        56.1922135856868     
         723           3   161.096044203958        56.2820493639570     
         724           3   161.406588215994        56.3717420084537     
         725           3   161.716637535704        56.4612917738054     
         726           3   162.026193042601        56.5506989140367     
         727           3   162.335255614116        56.6399636825712     
         728           3   162.643826126850        56.7290863325921     
         729           3   162.951905450368        56.8180671152513     
         730           3   163.259494460961        56.9069062836428     
         731           3   163.566594022554        56.9956040872890     
         732           3   163.873205006302        57.0841607778005     
         733           3   164.179328276000        57.1725766046625     
         734           3   164.484964697033        57.2608518178189     
         735           3   164.790115123652        57.3489866639984     
         736           3   165.094780421098        57.4369813931034     
         737           3   165.398961444670        57.5248362521653     
         738           3   165.702659047581        57.6125514876124     
         739           3   166.005874088912        57.7001273475680     
         740           3   166.308607413124        57.7875640759333     
         741           3   166.610859871558        57.8748619185961     
         742           3   166.912632311305        57.9620211202168     
         743           3   167.213925577491        58.0490419248881     
         744           3   167.514740512360        58.1359245758710     
         745           3   167.815077958718        58.2226693165877     
         746           3   168.114938755047        58.3092763892127     
         747           3   168.414323738653        58.3957460355800     
         748           3   168.713233744861        58.4820784969518     
         749           3   169.011669607106        58.5682740140443     
         750           3   169.309632156925        58.6543328270254     
         751           3   169.607122223782        58.7402551754648     
         752           3   169.904140634917        58.8260412982891     
         753           3   170.200688218450        58.9116914346798     
         754           3   170.496765795659        58.9972058218416     
         755           3   170.792374189482        59.0825846974592     
         756           3   171.087514216738        59.1678282974497     
         757           3   171.382186705052        59.2529368608512     
         758           3   171.676392462701        59.3379106211137     
         759           3   171.970132305467        59.4227498138549     
         760           3   172.263407047214        59.5074546741382     
         761           3   172.556217499892        59.5920254364750     
         762           3   172.848564467077        59.6764623329570     
         763           3   173.140448761861        59.7607655984252     
         764           3   173.431871187465        59.8449354648693     
         765           3   173.722832547366        59.9289721643529     
         766           3   174.013333643220        60.0128759284136     
         767           3   174.303375274870        60.0966469880655     
         768           3   174.592958241091        60.1802855740144     
         769           3   174.882083336762        60.2637919158404     
         770           3   175.170751357041        60.3471662432044     
         771           3   175.458963094583        60.4304087850446     
         772           3   175.746719340262        60.5135197697845     
         773           3   176.034020883176        60.5964994253348     
         774           3   176.320868510654        60.6793479790952     
         775           3   176.607263009002        60.7620656581696     
         776           3   176.893205159806        60.8446526882997     
         777           3   177.178695747718        60.9271092961116     
         778           3   177.463735552247        61.0094357067463     
         779           3   177.748325351117        61.0916321448294     
         780           3   178.032465920273        61.1736988344729     
         781           3   178.316158039561        61.2556360009152     
         782           3   178.599402477143        61.3374438660197     
         783           3   178.882200005619        61.4191226529325     
         784           3   179.164551395712        61.5006725842570     
         785           3   179.446457416395        61.5820938820914     
         786           3   179.727918834901        61.6633867680308     
         787           3   180.008936413233        61.7445514621602     
         788           3   180.289510916955        61.8255881855934     
         789           3   180.569643106733        61.9064971580288     
         790           3   180.849333742354        61.9872785989117     
         791           3   181.128583581934        62.0679327272041     
         792           3   181.407393381919        62.1484597613863     
         793           3   181.685763897093        62.2288599194579     
         794           3   181.963695880582        62.3091334189400     
         795           3   182.241190084662        62.3892804771083     
         796           3   182.518247257672        62.4693013101010     
         797           3   182.794868148567        62.5491961342347     
         798           3   183.071053503899        62.6289651651316     
         799           3   183.346804068589        62.7086086179433     
         800           3   183.622120585935        62.7881267073520     
         801           3   183.897003797616        62.8675196475725     
         802           3   184.171454445025        62.9467876527373     
         803           3   184.445473262816        63.0259309350319     
         804           3   184.719060991287        63.1049497082729     
         805           3   184.992218364942        63.1838441846026     
         806           3   185.264946116664        63.2626145756954     
         807           3   185.537244977721        63.3412610927593     
         808           3   185.809115684203        63.4197839483948     
         809           3   186.080558958409        63.4981833512192     
         810           3   186.351575530084        63.5764595120011     
         811           3   186.622166124970        63.6546126403519     
         812           3   186.892331467270        63.7326429454394     
         813           3   187.162072279632        63.8105506359816     
         814           3   187.431389283096        63.8883359202325     
         815           3   187.700283197374        63.9659990060622     
         816           3   187.968754740309        64.0435401008015     
         817           3   188.236804628425        64.1209594113995     
         818           3   188.504433576659        64.1982571443475     
         819           3   188.771642298420        64.2754335056955     
         820           3   189.038431505597        64.3524887010540     
         821           3   189.304801908498        64.4294229355776     
         822           3   189.570754215984        64.5062364140022     
         823           3   189.836289135380        64.5829293406206     
         824           3   190.101407372505        64.6595019192902     
         825           3   190.366109630724        64.7359543531603     
         826           3   190.630396614881        64.8122868458066     
         827           3   190.894269025247        64.8884995994845     
         828           3   191.157727561685        64.9645928163316     
         829           3   191.420772922578        65.0405666980573     
         830           3   191.683405804829        65.1164214459444     
         831           3   191.945626903866        65.1921572608498     
         832           3   192.207436913653        65.2677743432064     
         833           3   192.468836525312        65.3432728926275     
         834           3   192.729826433768        65.4186531098239     
         835           3   192.990407325190        65.4939151929785     
         836           3   193.250579888397        65.5690593410380     
         837           3   193.510344810737        65.6440857525261     
         838           3   193.769702778100        65.7189946255441     
         839           3   194.028654469616        65.7937861562410     
         840           3   194.287200573288        65.8684605433292     
         841           3   194.545341768082        65.9430179829103     
         842           3   194.803078733437        66.0174586712227     
         843           3   195.060412147511        66.0917828041347     
         844           3   195.317342686999        66.1659905770928     
         845           3   195.573871028443        66.2400821854984     
         846           3   195.829997842069        66.3140578229291     
         847           3   196.085723804023        66.3879176846721     
         848           3   196.341049583756        66.4616619640813     
         849           3   196.595975851556        66.5352908547523     
         850           3   196.850503275488        66.6088045496378     
         851           3   197.104632522466        66.6822032413595     
         852           3   197.358364258027        66.7554871221402     
         853           3   197.611699146332        66.8286563838056     
         854           3   197.864637850167        66.9017112177850     
         855           3   198.117181030955        66.9746518151129     
         856           3   198.369329348754        67.0474783664299     
         857           3   198.621083462261        67.1201910619842     
         858           3   198.872444028820        67.1927900916325     
         859           3   199.123411705207        67.2652756450673     
         860           3   199.373987144543        67.3376479109263     
         861           3   199.624171000919        67.4099070781266     
         862           3   199.873963926296        67.4820533349703     
         863           3   200.123366571301        67.5540868693744     
         864           3   200.372379585230        67.6260078688713     
         865           3   200.621003616053        67.6978165206103     
         866           3   200.869239313190        67.7695130121597     
         867           3   201.117087314155        67.8410975276495     
         868           3   201.364548269391        67.9125702549426     
         869           3   201.611622821493        67.9839313796367     
         870           3   201.858311610207        68.0551810865054     
         871           3   202.104615275962        68.1263195605208     
         872           3   202.350534457977        68.1973469863042     
         873           3   202.596069794159        68.2682635480989     
         874           3   202.841221917224        68.3390694286488     
         875           3   203.085991466329        68.4097648125576     
         876           3   203.330379073567        68.4803498823896     
         877           3   203.574385371293        68.5508248207836     
         878           3   203.818010990663        68.6211898100331     
         879           3   204.061256561345        68.6914450320018     
         880           3   204.304122711946        68.7615906682460     
         881           3   204.546610069735        68.8316268999368     
         882           3   204.788719260722        68.9015539078807     
         883           3   205.030450909904        68.9713718725920     
         884           3   205.271805640115        69.0410809739608     
         885           3   205.512784074112        69.1106813918537     
         886           3   205.753386832875        69.1801733056251     
         887           3   205.993614536083        69.2495568942535     
         888           3   206.233467802253        69.3188323363813     
         889           3   206.472947248663        69.3879998102936     
         890           3   206.712053491360        69.4570594939197     
         891           3   206.950787145163        69.5260115648340     
         892           3   207.189148823663        69.5948562002568     
         893           3   207.427139139231        69.6635935770555     
         894           3   207.664758703019        69.7322238717457     
         895           3   207.902008124964        69.8007472604921     
         896           3   208.138888013793        69.8691639191096     
         897           3   208.375398977024        69.9374740230640     
         898           3   208.611541621717        70.0056777476895     
         899           3   208.847316551508        70.0737752673302     
         900           3   209.082724371076        70.1417667566327     
         901           3   209.317765683141        70.2096523896765     
         902           3   209.552441089229        70.2774323401977     
         903           3   209.786751189683        70.3451067815891     
         904           3   210.020696583659        70.4126758869020     
         905           3   210.254277871384        70.4801398294963     
         906           3   210.487495642356        70.5474987796334     
         907           3   210.720350498766        70.6147529112406     
         908           3   210.952843034662        70.6819023958936     
         909           3   211.184973842923        70.7489474048298     
         910           3   211.416743515256        70.8158881089491     
         911           3   211.648152642206        70.8827246788147     
         912           3   211.879201813154        70.9494572846545     
         913           3   212.109891616323        71.0160860963613     
         914           3   212.340222642213        71.0826112844861     
         915           3   212.570195474163        71.1490330175112     
         916           3   212.799810698418        71.2153514647583     
         917           3   213.029068899050        71.2815667949218     
         918           3   213.257970658995        71.3476791763677     
         919           3   213.486516559963        71.4136887771075     
         920           3   213.714707182708        71.4795957648777     
         921           3   213.942543106828        71.5454003070801     
         922           3   214.170024910665        71.6111025707535     
         923           3   214.397153171507        71.6767027226332     
         924           3   214.623928465527        71.7422009291316     
         925           3   214.850351367781        71.8075973563387     
         926           3   215.076422452211        71.8728921700234     
         927           3   215.302142291466        71.9380855355804     
         928           3   215.527511457833        72.0031776182996     
         929           3   215.752530521376        72.0681685828302     
         930           3   215.977200051807        72.1330585937179     
         931           3   216.201520617549        72.1978478151377     
         932           3   216.425492785932        72.2625364109483     
         933           3   216.649117123196        72.3271245446929     
         934           3   216.872394194488        72.3916123796003     
         935           3   217.095324563872        72.4560000785857     
         936           3   217.317908794328        72.5202878042513     
         937           3   217.540147447756        72.5844757188875     
         938           3   217.762041084979        72.6485639844736     
         939           3   217.983590265746        72.7125527626786     
         940           3   218.204795548734        72.7764422148621     
         941           3   218.425657491553        72.8402325020754     
         942           3   218.646176650747        72.9039237850616     
         943           3   218.866353581443        72.9675162241554     
         944           3   219.086188838877        73.0310099797220     
         945           3   219.305682975973        73.0944052114591     
         946           3   219.524836545048        73.1577020788897     
         947           3   219.743650097370        73.2209007412335     
         948           3   219.962124183160        73.2840013574070     
         949           3   220.180259348070        73.3470040850082     
         950           3   220.398056150305        73.4099090852602     
         951           3   220.615515129336        73.4727165139753     
         952           3   220.832636831405        73.5354265289214     
         953           3   221.049421801715        73.5980392875664     
         954           3   221.265870584434        73.6605549470792     
         955           3   221.481983722697        73.7229736643304     
         956           3   221.697761758609        73.7852955958929     
         957           3   221.913205233248        73.8475208980433     
         958           3   222.128314686667        73.9096497267619     
         959           3   222.343090657898        73.9716822377343     
         960           3   222.557533684953        74.0336185863515     
         961           3   222.771644304830        74.0954589277113     
         962           3   222.985423051073        74.1572034159147     
         963           3   223.198870461155        74.2188522061964     
         964           3   223.411987067968        74.2804054524684     
         965           3   223.624773404337        74.3418633086241     
         966           3   223.837230002093        74.4032259282689     
         967           3   224.049357392069        74.4644934647200     
         968           3   224.261156104205        74.5256660710374     
         969           3   224.472626667157        74.5867438999095     
         970           3   224.683769608888        74.6477271038246     
         971           3   224.894585456272        74.7086158349572     
         972           3   225.105074735202        74.7694102451977     
         973           3   225.315237970590        74.8301104861536     
         974           3   225.525075686371        74.8907167091496     
         975           3   225.734588405503        74.9512290652290     
         976           3   225.943776650249        75.0116477052338     
         977           3   226.152640940806        75.0719727794099     
         978           3   226.361181798550        75.1322044383429     
         979           3   226.569399740728        75.1923428314265     
         980           3   226.777295287040        75.2523881087630     
         981           4   226.905238207111        75.2893411279840     
         982           4   227.109946879222        75.3484659587374     
         983           4   227.360715002556        75.4208938764095     
         984           4   227.639118796621        75.5013036462322     
         985           4   227.934103993122        75.5865025273442     
         986           4   228.239038031080        75.6745748752290     
         987           4   228.549941373910        75.7643713031762     
         988           4   228.864426299658        75.8552021791598     
         989           4   229.181060175153        75.9466537239640     
         990           4   229.498983420492        76.0384776700594     
         991           4   229.817680287734        76.1305250569285     
         992           4   230.136841328762        76.2227065084479     
         993           4   230.456280873006        76.3149683984526     
         994           4   230.775887519615        76.4072785516741     
         995           4   231.095594427649        76.4996176628276     
         996           4   231.415361496918        76.5919741500051     
         997           4   231.735164651572        76.6843410595175     
         998           4   232.054989467058        76.7767142252034     
         999           4   232.374827276419        76.8690911438358     
        1000           4   232.694672882106        76.9614703142363     
