      1.00000000     -3.80100000             NaN
      2.00000000     -3.80099354             NaN
      3.00000000     -3.80097346             NaN
      4.00000000     -3.80093894             NaN
      5.00000000     -3.80088911             NaN
      6.00000000     -3.80082301             NaN
      7.00000000     -3.80074000             NaN
      8.00000000     -3.80063892             NaN
      9.00000000     -3.80051892             NaN
     10.00000000     -3.80037906             NaN
     11.00000000     -3.80021837             NaN
     12.00000000     -3.80003568             NaN
     13.00000000     -3.79982993             NaN
     14.00000000     -3.79959980             NaN
     15.00000000     -3.79934492             NaN
     16.00000000     -3.79906289             NaN
     17.00000000     -3.79875330             NaN
     18.00000000     -3.79841434             NaN
     19.00000000     -3.79804470             NaN
     20.00000000     -3.79764378             NaN
     21.00000000     -3.79720880             NaN
     22.00000000     -3.79673908             NaN
     23.00000000     -3.79623276             NaN
     24.00000000     -3.79568836             NaN
     25.00000000     -3.79510433             NaN
     26.00000000     -3.79447811             NaN
     27.00000000     -3.79380902             NaN
     28.00000000     -3.79309322             NaN
     29.00000000     -3.79233110             NaN
     30.00000000     -3.79151853             NaN
     31.00000000     -3.79065541             NaN
     32.00000000     -3.78973726             NaN
     33.00000000     -3.78876330             NaN
     34.00000000     -3.78773001             NaN
     35.00000000     -3.78663666             NaN
     36.00000000     -3.78547955             NaN
     37.00000000     -3.78425554             NaN
     38.00000000     -3.78296299             NaN
     39.00000000     -3.78159686             NaN
     40.00000000     -3.78015804             NaN
     41.00000000     -3.77863940             NaN
     42.00000000     -3.77703995             NaN
     43.00000000     -3.77535590             NaN
     44.00000000     -3.77358430             NaN
     45.00000000     -3.77172000             NaN
     46.00000000     -3.76976084             NaN
     47.00000000     -3.76770248             NaN
     48.00000000     -3.76554155             NaN
     49.00000000     -3.76327338             NaN
     50.00000000     -3.76089311             NaN
     51.00000000     -3.75839697             NaN
     52.00000000     -3.75578110             NaN
     53.00000000     -3.75304022             NaN
     54.00000000     -3.75017023             NaN
     55.00000000     -3.74716403             NaN
     56.00000000     -3.74401713             NaN
     57.00000000     -3.74072496             NaN
     58.00000000     -3.73728448             NaN
     59.00000000     -3.73368454             NaN
     60.00000000     -3.72992161             NaN
     61.00000000     -3.72599054             NaN
     62.00000000     -3.72188431             NaN
     63.00000000     -3.71759744             NaN
     64.00000000     -3.71312062             NaN
     65.00000000     -3.70844790             NaN
     66.00000000     -3.70357323             NaN
     67.00000000     -3.69848842             NaN
     68.00000000     -3.69318293             NaN
     69.00000000     -3.68765417             NaN
     70.00000000     -3.68188897             NaN
     71.00000000     -3.67588683             NaN
     72.00000000     -3.66962943             NaN
     73.00000000     -3.66310900             NaN
     74.00000000     -3.65632481             NaN
     75.00000000     -3.64925949             NaN
     76.00000000     -3.64190466             NaN
     77.00000000     -3.63424927             NaN
     78.00000000     -3.62628448             NaN
     79.00000000     -3.61800133             NaN
     80.00000000     -3.60938796             NaN
     81.00000000     -3.60042926             NaN
     82.00000000     -3.59111234             NaN
     83.00000000     -3.58143577             NaN
     84.00000000     -3.57137447             NaN
     85.00000000     -3.56092357             NaN
     86.00000000     -3.55006589             NaN
     87.00000000     -3.53878351             NaN
     88.00000000     -3.52707764             NaN
     89.00000000     -3.51491999             NaN
     90.00000000     -3.50229445             NaN
     91.00000000     -3.48919504             NaN
     92.00000000     -3.47560530             NaN
     93.00000000     -3.46149726             NaN
     94.00000000     -3.44686782             NaN
     95.00000000     -3.43169154             NaN
     96.00000000     -3.41595749             NaN
     97.00000000     -3.39963884             NaN
     98.00000000     -3.38271570             NaN
     99.00000000     -3.36518427             NaN
    100.00000000     -3.34700323             NaN
    101.00000000     -3.32816802             NaN
    102.00000000     -3.30864828             NaN
    103.00000000     -3.28843040             NaN
    104.00000000     -3.26748240             NaN
    105.00000000     -3.24578503             NaN
    106.00000000     -3.22330916             NaN
    107.00000000     -3.20003439             NaN
    108.00000000     -3.17593500             NaN
    109.00000000     -3.15097948             NaN
    110.00000000     -3.12514039             NaN
    111.00000000     -3.09838955             NaN
    112.00000000     -3.07070342             NaN
    113.00000000     -3.04203607             NaN
    114.00000000     -3.01235634             NaN
    115.00000000     -2.98164372             NaN
    116.00000000     -2.94983688             NaN
    117.00000000     -2.91691898             NaN
    118.00000000     -2.88284334             NaN
    119.00000000     -2.84756147             NaN
    120.00000000     -2.81104188             NaN
    121.00000000     -2.77322052             NaN
    122.00000000     -2.73406310             NaN
    123.00000000     -2.69350816             NaN
    124.00000000     -2.65149844             NaN
    125.00000000     -2.60798149             NaN
    126.00000000     -2.56288207             NaN
    127.00000000     -2.51615031             NaN
    128.00000000     -2.46769129             NaN
    129.00000000     -2.41745758             NaN
    130.00000000     -2.36534032             NaN
    131.00000000     -2.31125615             NaN
    132.00000000     -2.25511847             NaN
    133.00000000     -2.19681326             NaN
    134.00000000     -2.13624576             NaN
    135.00000000     -2.07328427             NaN
    136.00000000     -2.00779088             NaN
    137.00000000     -1.93962978             NaN
    138.00000000     -1.86864149             NaN
    139.00000000     -1.79465882             NaN
    140.00000000     -1.71751572             NaN
    141.00000000     -1.63697334             NaN
    142.00000000     -1.55284622             NaN
    143.00000000     -1.46487278             NaN
    144.00000000     -1.37275756             NaN
    145.00000000     -1.27624904             NaN
    146.00000000     -1.17497047             NaN
    147.00000000     -1.06858574             NaN
    148.00000000     -0.99743517             NaN
    149.00000000     -0.92576691             NaN
    150.00000000     -0.85359590             NaN
    151.00000000     -0.78090401             NaN
    152.00000000     -0.70768257             NaN
    153.00000000     -0.63396680             NaN
    154.00000000     -0.55972460             NaN
    155.00000000     -0.48494672             NaN
    156.00000000     -0.40967683             NaN
    157.00000000     -0.33389165             NaN
    158.00000000     -0.25759087             NaN
    159.00000000     -0.18077409             NaN
    160.00000000     -0.10344086             NaN
    161.00000000     -0.02559064             NaN
    162.00000000      0.05277719             NaN
    163.00000000      0.13166328             NaN
    164.00000000      0.21106839             NaN
    165.00000000      0.29099330             NaN
    166.00000000      0.37143887             NaN
    167.00000000      0.45240604             NaN
    168.00000000      0.53389578             NaN
    169.00000000      0.61590912             NaN
    170.00000000      0.69844715             NaN
    171.00000000      0.78151102             NaN
    172.00000000      0.86510192             NaN
    173.00000000      0.94922109             NaN
    174.00000000      1.03386983             NaN
    175.00000000      1.11904948             NaN
    176.00000000      1.20476143             NaN
    177.00000000      1.29100711             NaN
    178.00000000      1.37778800             NaN
    179.00000000      1.46510562             NaN
    180.00000000      1.55296154             NaN
    181.00000000      1.64135737             NaN
    182.00000000      1.73029474             NaN
    183.00000000      1.81977536             NaN
    184.00000000      1.90980094             NaN
    185.00000000      2.00037324             NaN
    186.00000000      2.09149408             NaN
    187.00000000      2.18316528             NaN
    188.00000000      2.27538873             NaN
    189.00000000      2.36816632             NaN
    190.00000000      2.46150002             NaN
    191.00000000      2.55539179             NaN
    192.00000000      2.64984366             NaN
    193.00000000      2.74485766             NaN
    194.00000000      2.84043587             NaN
    195.00000000      2.93658041             NaN
    196.00000000      3.03329341             NaN
    197.00000000      3.13057706             NaN
    198.00000000      3.22843355             NaN
    199.00000000      3.32686512             NaN
    200.00000000      3.42587403             NaN
    201.00000000      3.52546258             NaN
    202.00000000      3.62563309             NaN
    203.00000000      3.72638792             NaN
    204.00000000      3.82772944             NaN
    205.00000000      3.92966006             NaN
    206.00000000      4.03218222             NaN
    207.00000000      4.13529838             NaN
    208.00000000      4.23901104             NaN
    209.00000000      4.34332271             NaN
    210.00000000      4.44823594             NaN
    211.00000000      4.55375330             NaN
    212.00000000      4.65987740             NaN
    213.00000000      4.76661084             NaN
    214.00000000      4.87395629             NaN
    215.00000000      4.98191643             NaN
    216.00000000      5.09049395             NaN
    217.00000000      5.19969157             NaN
    218.00000000      5.30951206             NaN
    219.00000000      5.41995820             NaN
    220.00000000      5.53103278             NaN
    221.00000000      5.64273862             NaN
    222.00000000      5.75507860             NaN
    223.00000000      5.86805557             NaN
    224.00000000      5.98167245             NaN
    225.00000000      6.09593215             NaN
    226.00000000      6.21083764             NaN
    227.00000000      6.32639187             NaN
    228.00000000      6.44259785             NaN
    229.00000000      6.55945861             NaN
    230.00000000      6.67697719             NaN
    231.00000000      6.79515665             NaN
    232.00000000      6.91400009             NaN
    233.00000000      7.03351063             NaN
    234.00000000      7.15369142             NaN
    235.00000000      7.27454561             NaN
    236.00000000      7.39607639             NaN
    237.00000000      7.51828697             NaN
    238.00000000      7.64118060             NaN
    239.00000000      7.76476052             NaN
    240.00000000      7.88903002             NaN
    241.00000000      8.01399241             NaN
    242.00000000      8.13965102             NaN
    243.00000000      8.26600919             NaN
    244.00000000      8.39307031             NaN
    245.00000000      8.52083777             NaN
    246.00000000      8.64931499             NaN
    247.00000000      8.77850543             NaN
    248.00000000      8.90841255             NaN
    249.00000000      9.03903984             NaN
    250.00000000      9.17039081             NaN
    251.00000000      9.30246902             NaN
    252.00000000      9.43527802             NaN
    253.00000000      9.56882140             NaN
    254.00000000      9.70310277             NaN
    255.00000000      9.83812576             NaN
    256.00000000      9.97389403             NaN
    257.00000000     10.11041126             NaN
    258.00000000     10.24768115             NaN
    259.00000000     10.38570744             NaN
    260.00000000     10.52449387             NaN
    261.00000000     10.66404421             NaN
    262.00000000     10.80436228             NaN
    263.00000000     10.94545189             NaN
    264.00000000     11.08731688             NaN
    265.00000000     11.22996113             NaN
    266.00000000     11.37338854             NaN
    267.00000000     11.51760302             NaN
    268.00000000     11.66260851             NaN
    269.00000000     11.80840899             NaN
    270.00000000     11.95500843             NaN
    271.00000000     12.10241087             NaN
    272.00000000     12.25062034             NaN
    273.00000000     12.39964090             NaN
    274.00000000     12.54947664             NaN
    275.00000000     12.70013167             NaN
    276.00000000     12.85161014             NaN
    277.00000000     13.00391621             NaN
    278.00000000     13.15705405             NaN
    279.00000000     13.31102790             NaN
    280.00000000     13.46584198             NaN
    281.00000000     13.62150055             NaN
    282.00000000     13.77800790             NaN
    283.00000000     13.93536836             NaN
    284.00000000     14.09358624             NaN
    285.00000000     14.25266592             NaN
    286.00000000     14.41261179             NaN
    287.00000000     14.57342826             NaN
    288.00000000     14.73511977             NaN
    289.00000000     14.89769079             NaN
    290.00000000     15.06114580             NaN
    291.00000000     15.22548933             NaN
    292.00000000     15.39072592             NaN
    293.00000000     15.55686014             NaN
    294.00000000     15.72389658             NaN
    295.00000000     15.89183988             NaN
    296.00000000     16.06069466             NaN
    297.00000000     16.23046562             NaN
    298.00000000     16.40115745             NaN
    299.00000000     16.57277489             NaN
    300.00000000     16.74532268             NaN
    301.00000000     16.91880562             NaN
    302.00000000     17.09322851             NaN
    303.00000000     17.26859618             NaN
    304.00000000     17.44491351             NaN
    305.00000000     17.62218538             NaN
    306.00000000     17.80041671             NaN
    307.00000000     17.97961246             NaN
    308.00000000     18.15977759             NaN
    309.00000000     18.34091712             NaN
    310.00000000     18.52303606             NaN
    311.00000000     18.70613948             NaN
    312.00000000     18.89023246             NaN
    313.00000000     19.07532013             NaN
    314.00000000     19.26140763             NaN
    315.00000000     19.44850012             NaN
    316.00000000     19.63660282             NaN
    317.00000000     19.82572095             NaN
    318.00000000     20.01585978             NaN
    319.00000000     20.20702458             NaN
    320.00000000     20.39922069             NaN
    321.00000000     20.59245344             NaN
    322.00000000     20.78672822             NaN
    323.00000000     20.98205043             NaN
    324.00000000     21.17842551             NaN
    325.00000000     21.37585894             NaN
    326.00000000     21.57435619             NaN
    327.00000000     21.77392281             NaN
    328.00000000     21.97456435             NaN
    329.00000000     22.17628640             NaN
    330.00000000     22.37909459             NaN
    331.00000000     22.58299455             NaN
    332.00000000     22.78799197             NaN
    333.00000000     22.99409257             NaN
    334.00000000     23.20130209             NaN
    335.00000000     23.40962630             NaN
    336.00000000     23.61907101             NaN
    337.00000000     23.82964207             NaN
    338.00000000     24.04134534             NaN
    339.00000000     24.25418672             NaN
    340.00000000     24.46817215             NaN
    341.00000000     24.68330760             NaN
    342.00000000     24.89959906             NaN
    343.00000000     25.11705258             NaN
    344.00000000     25.33567422             NaN
    345.00000000     25.55547007             NaN
    346.00000000     25.77644627             NaN
    347.00000000     25.99860899             NaN
    348.00000000     26.22187555             NaN
    349.00000000     26.44614437             NaN
    350.00000000     26.67036406             NaN
    351.00000000     26.89575892             NaN
    352.00000000     27.12233512             NaN
    353.00000000     27.35009885             NaN
    354.00000000     27.57905633             NaN
    355.00000000     27.80921382             NaN
    356.00000000     28.04057761             NaN
    357.00000000     28.27315401             NaN
    358.00000000     28.50694939             NaN
    359.00000000     28.74197014             NaN
    360.00000000     28.97822267             NaN
    361.00000000     29.21571344             NaN
    362.00000000     29.45444895             NaN
    363.00000000     29.69443571             NaN
    364.00000000     29.93568029             NaN
    365.00000000     30.17818928             NaN
    366.00000000     30.42196929             NaN
    367.00000000     30.66702701             NaN
    368.00000000     30.91336912             NaN
    369.00000000     31.16100235             NaN
    370.00000000     31.40993347             NaN
    371.00000000     31.66016928             NaN
    372.00000000     31.91171663             NaN
    373.00000000     32.16458238             NaN
    374.00000000     32.41877345             NaN
    375.00000000     32.67429678             NaN
    376.00000000     32.93115936             NaN
    377.00000000     33.18936820             NaN
    378.00000000     33.44893035             NaN
    379.00000000     33.70985292             NaN
    380.00000000     33.97214304             NaN
    381.00000000     34.23580786             NaN
    382.00000000     34.50085460             NaN
    383.00000000     34.76729050             NaN
    384.00000000     35.03512284             NaN
    385.00000000     35.30435893             NaN
    386.00000000     35.57500615             NaN
    387.00000000     35.84707187             NaN
    388.00000000     36.12056354             NaN
    389.00000000     36.39548863             NaN
    390.00000000     36.67185465             NaN
    391.00000000     36.94966915             NaN
    392.00000000     37.22893974             NaN
    393.00000000     37.50967403             NaN
    394.00000000     37.79187970             NaN
    395.00000000     38.07556446             NaN
    396.00000000     38.36073607             NaN
    397.00000000     38.64740231             NaN
    398.00000000     38.93557103             NaN
    399.00000000     39.22525008             NaN
    400.00000000     39.51644740             NaN
    401.00000000     39.80917094             NaN
    402.00000000     40.10342870             NaN
    403.00000000     40.39922871             NaN
    404.00000000     40.69657906             NaN
    405.00000000     40.99548789             NaN
    406.00000000     41.29596335             NaN
    407.00000000     41.59801365             NaN
    408.00000000     41.90164706             NaN
    409.00000000     42.20687186             NaN
    410.00000000     42.51369641             NaN
    411.00000000     42.82212908             NaN
    412.00000000     43.13217830             NaN
    413.00000000     43.44385254             NaN
    414.00000000     43.75716033             NaN
    415.00000000     44.07211021             NaN
    416.00000000     44.38871081             NaN
    417.00000000     44.70697078             NaN
    418.00000000     45.02689879             NaN
    419.00000000     45.34850362             NaN
    420.00000000     45.67179403             NaN
    421.00000000     45.99677886             NaN
    422.00000000     46.32346700             NaN
    423.00000000     46.65186737             NaN
    424.00000000     46.98198895             NaN
    425.00000000     47.31384076             NaN
    426.00000000     47.64743186             NaN
    427.00000000     47.98277137             NaN
    428.00000000     48.31986846             NaN
    429.00000000     48.65873234             NaN
    430.00000000     48.99937226             NaN
    431.00000000     49.34179754             NaN
    432.00000000     49.68601754             NaN
    433.00000000     50.03204165             NaN
    434.00000000     50.37987934             NaN
    435.00000000     50.72954011             NaN
    436.00000000     51.08103352             NaN
    437.00000000     51.43436917             NaN
    438.00000000     51.78955671             NaN
    439.00000000     52.14660586             NaN
    440.00000000     52.50552637             NaN
    441.00000000     52.86632804             NaN
    442.00000000     53.22902075             NaN
    443.00000000     53.59361439             NaN
    444.00000000     53.96011893             NaN
    445.00000000     54.32854439             NaN
    446.00000000     54.69890084             NaN
    447.00000000     55.07119839             NaN
    448.00000000     55.44544723             NaN
    449.00000000     55.82165756             NaN
    450.00000000     56.19983969             NaN
    451.00000000     56.58000394             NaN
    452.00000000     56.96216069             NaN
    453.00000000     57.34632041             NaN
    454.00000000     57.73249357             NaN
    455.00000000     58.12069073             NaN
    456.00000000     58.51092251             NaN
    457.00000000     58.90319957             NaN
    458.00000000     59.29753262             NaN
    459.00000000     59.69393244             NaN
    460.00000000     60.09240987             NaN
    461.00000000     60.49297579             NaN
    462.00000000     60.89564115             NaN
    463.00000000     61.30041695             NaN
    464.00000000     61.70731425             NaN
    465.00000000     62.11634418             NaN
    466.00000000     62.52751791             NaN
    467.00000000     62.94084668             NaN
    468.00000000     63.35634177             NaN
    469.00000000     63.77401456             NaN
    470.00000000     64.19387644             NaN
    471.00000000     64.61593890             NaN
    472.00000000     65.04021346             NaN
    473.00000000     65.46671172             NaN
    474.00000000     65.89544534             NaN
    475.00000000     66.32642603             NaN
    476.00000000     66.75966557             NaN
    477.00000000     67.19517579             NaN
    478.00000000     67.63296861             NaN
    479.00000000     68.07305598             NaN
    480.00000000     68.51544992             NaN
    481.00000000     68.96016253             NaN
    482.00000000     69.40720597             NaN
    483.00000000     69.85659244             NaN
    484.00000000     70.30833422             NaN
    485.00000000     70.76244367             NaN
    486.00000000     71.21893319             NaN
    487.00000000     71.67781525             NaN
    488.00000000     72.13910240             NaN
    489.00000000     72.60280723             NaN
    490.00000000     73.05900692             NaN
    491.00000000     73.51442698             NaN
    492.00000000     73.96906910             NaN
    493.00000000     74.42293496             NaN
    494.00000000     74.87602622             NaN
    495.00000000     75.32834454             NaN
    496.00000000     75.77989158             NaN
    497.00000000     76.23066899             NaN
    498.00000000     76.68067841             NaN
    499.00000000     77.12992149             NaN
    500.00000000     77.57839987             NaN
    501.00000000     78.02611516             NaN
    502.00000000     78.47306900             NaN
    503.00000000     78.91926301             NaN
    504.00000000     79.36469880             NaN
    505.00000000     79.80937799             NaN
    506.00000000     80.25330217             NaN
    507.00000000     80.69647294             NaN
    508.00000000     81.13889191             NaN
    509.00000000     81.58056066             NaN
    510.00000000     82.02148077             NaN
    511.00000000     82.46165382             NaN
    512.00000000     82.90108140             NaN
    513.00000000     83.33976506             NaN
    514.00000000     83.77770638             NaN
    515.00000000     84.21490692             NaN
    516.00000000     84.65136822             NaN
    517.00000000     85.08709184             NaN
    518.00000000     85.52207933             NaN
    519.00000000     85.95633222             NaN
    520.00000000     86.38985206             NaN
    521.00000000     86.82264037             NaN
    522.00000000     87.25469868             NaN
    523.00000000     87.68602851             NaN
    524.00000000     88.11663138             NaN
    525.00000000     88.54650880             NaN
    526.00000000     88.97566229             NaN
    527.00000000     89.40409333             NaN
    528.00000000     89.83180344             NaN
    529.00000000     90.25879410             NaN
    530.00000000     90.68506681             NaN
    531.00000000     91.11062305             NaN
    532.00000000     91.53546430             NaN
    533.00000000     91.95959203             NaN
    534.00000000     92.38300773             NaN
    535.00000000     92.80571285             NaN
    536.00000000     93.22770886             NaN
    537.00000000     93.64899721             NaN
    538.00000000     94.06957937             NaN
    539.00000000     94.48945677             NaN
    540.00000000     94.90863087             NaN
    541.00000000     95.32710310             NaN
    542.00000000     95.74487491             NaN
    543.00000000     96.16194772             NaN
    544.00000000     96.57832297             NaN
    545.00000000     96.99400207             NaN
    546.00000000     97.40898644             NaN
    547.00000000     97.82327751             NaN
    548.00000000     98.23687667             NaN
    549.00000000     98.64978535             NaN
    550.00000000     99.06200493             NaN
    551.00000000     99.47353683             NaN
    552.00000000     99.88438242             NaN
    553.00000000    100.29454311             NaN
    554.00000000    100.70402028             NaN
    555.00000000    101.11281531             NaN
    556.00000000    101.52092958             NaN
    557.00000000    101.92836446             NaN
    558.00000000    102.33512133             NaN
    559.00000000    102.74120154             NaN
    560.00000000    103.14660647             NaN
    561.00000000    103.55133746             NaN
    562.00000000    103.95539587             NaN
    563.00000000    104.35878306             NaN
    564.00000000    104.76150037             NaN
    565.00000000    105.16354913             NaN
    566.00000000    105.56493069             NaN
    567.00000000    105.96564639             NaN
    568.00000000    106.36569755             NaN
    569.00000000    106.76508550             NaN
    570.00000000    107.16381156             NaN
    571.00000000    107.56187705             NaN
    572.00000000    107.95928329             NaN
    573.00000000    108.35603159             NaN
    574.00000000    108.75212325             NaN
    575.00000000    109.14755958             NaN
    576.00000000    109.54234188             NaN
    577.00000000    109.93647145             NaN
    578.00000000    110.32994957             NaN
    579.00000000    110.72277754             NaN
    580.00000000    111.11495665             NaN
    581.00000000    111.50648817             NaN
    582.00000000    111.89737338             NaN
    583.00000000    112.28761356             NaN
    584.00000000    112.67720998             NaN
    585.00000000    113.06616390             NaN
    586.00000000    113.45447659             NaN
    587.00000000    113.84214931             NaN
    588.00000000    114.22918331             NaN
    589.00000000    114.61557985             NaN
    590.00000000    115.00134018             NaN
    591.00000000    115.38646555             NaN
    592.00000000    115.77095718             NaN
    593.00000000    116.15481634             NaN
    594.00000000    116.53804424             NaN
    595.00000000    116.92064213             NaN
    596.00000000    117.30261123             NaN
    597.00000000    117.68395276             NaN
    598.00000000    118.06466795             NaN
    599.00000000    118.44475802             NaN
    600.00000000    118.82422418             NaN
    601.00000000    119.20306764             NaN
    602.00000000    119.58128961             NaN
    603.00000000    119.95889130             NaN
    604.00000000    120.33587391             NaN
    605.00000000    120.71223863             NaN
    606.00000000    121.08798667             NaN
    607.00000000    121.46311920             NaN
    608.00000000    121.83763743             NaN
    609.00000000    122.21154254             NaN
    610.00000000    122.58483570             NaN
    611.00000000    122.95751810             NaN
    612.00000000    123.32959091             NaN
    613.00000000    123.70105531             NaN
    614.00000000    124.07191246             NaN
    615.00000000    124.44216354             NaN
    616.00000000    124.81180969             NaN
    617.00000000    125.18085209             NaN
    618.00000000    125.54929188             NaN
    619.00000000    125.91713023             NaN
    620.00000000    126.28436828             NaN
    621.00000000    126.65100718             NaN
    622.00000000    127.01704807             NaN
    623.00000000    127.38249210             NaN
    624.00000000    127.74734040             NaN
    625.00000000    128.11159411             NaN
    626.00000000    128.47525435             NaN
    627.00000000    128.83832227             NaN
    628.00000000    129.20079897             NaN
    629.00000000    129.56268559             NaN
    630.00000000    129.92398325             NaN
    631.00000000    130.28469306             NaN
    632.00000000    130.64481614             NaN
    633.00000000    131.00435359             NaN
    634.00000000    131.36330653             NaN
    635.00000000    131.72167605             NaN
    636.00000000    132.07946327             NaN
    637.00000000    132.43666928             NaN
    638.00000000    132.79329518             NaN
    639.00000000    133.14934205             NaN
    640.00000000    133.50481100             NaN
    641.00000000    133.85970310             NaN
    642.00000000    134.21401945             NaN
    643.00000000    134.56776112             NaN
    644.00000000    134.92092920             NaN
    645.00000000    135.27352475             NaN
    646.00000000    135.62554886             NaN
    647.00000000    135.97700259             NaN
    648.00000000    136.32788702             NaN
    649.00000000    136.67820320             NaN
    650.00000000    137.02795219             NaN
    651.00000000    137.37713507             NaN
    652.00000000    137.72575288             NaN
    653.00000000    138.07380668             NaN
    654.00000000    138.42129752             NaN
    655.00000000    138.76822645             NaN
    656.00000000    139.11459451             NaN
    657.00000000    139.46040275             NaN
    658.00000000    139.80565221             NaN
    659.00000000    140.15034392             NaN
    660.00000000    140.49447893             NaN
    661.00000000    140.83805825             NaN
    662.00000000    141.18108293             NaN
    663.00000000    141.52355399             NaN
    664.00000000    141.86547246             NaN
    665.00000000    142.20683935             NaN
    666.00000000    142.54765569             NaN
    667.00000000    142.88792249             NaN
    668.00000000    143.22764076             NaN
    669.00000000    143.56681153             NaN
    670.00000000    143.90543579             NaN
    671.00000000    144.24351456             NaN
    672.00000000    144.58104883             NaN
    673.00000000    144.91803961             NaN
    674.00000000    145.25448790             NaN
    675.00000000    145.59039470             NaN
    676.00000000    145.92576099             NaN
    677.00000000    146.26058777             NaN
    678.00000000    146.59487603             NaN
    679.00000000    146.92862676             NaN
    680.00000000    147.26184093             NaN
    681.00000000    147.59451953             NaN
    682.00000000    147.92666354             NaN
    683.00000000    148.25827394             NaN
    684.00000000    148.58935170             NaN
    685.00000000    148.91989778             NaN
    686.00000000    149.24991317             NaN
    687.00000000    149.57939883             NaN
    688.00000000    149.90835571             NaN
    689.00000000    150.23678479             NaN
    690.00000000    150.56468702             NaN
    691.00000000    150.89206337             NaN
    692.00000000    151.21891477             NaN
    693.00000000    151.54524220             NaN
    694.00000000    151.87104660             NaN
    695.00000000    152.19632891             NaN
    696.00000000    152.52109008             NaN
    697.00000000    152.84533106             NaN
    698.00000000    153.16905278             NaN
    699.00000000    153.49225619             NaN
    700.00000000    153.81494222             NaN
    701.00000000    154.13711180             NaN
    702.00000000    154.45876587             NaN
    703.00000000    154.77990536             NaN
    704.00000000    155.10053119             NaN
    705.00000000    155.42064429             NaN
    706.00000000    155.74024558             NaN
    707.00000000    156.05933598             NaN
    708.00000000    156.37791641             NaN
    709.00000000    156.69598779             NaN
    710.00000000    157.01355103             NaN
    711.00000000    157.33060704             NaN
    712.00000000    157.64715673             NaN
    713.00000000    157.96320101             NaN
    714.00000000    158.27874078             NaN
    715.00000000    158.59377695             NaN
    716.00000000    158.90831041             NaN
    717.00000000    159.22234207             NaN
    718.00000000    159.53587283             NaN
    719.00000000    159.84890357             NaN
    720.00000000    160.16143519             NaN
    721.00000000    160.47346857             NaN
    722.00000000    160.78500462             NaN
    723.00000000    161.09604420             NaN
    724.00000000    161.40658822             NaN
    725.00000000    161.71663754             NaN
    726.00000000    162.02619304             NaN
    727.00000000    162.33525561             NaN
    728.00000000    162.64382613             NaN
    729.00000000    162.95190545             NaN
    730.00000000    163.25949446             NaN
    731.00000000    163.56659402             NaN
    732.00000000    163.87320501             NaN
    733.00000000    164.17932828             NaN
    734.00000000    164.48496469             NaN
    735.00000000    164.79011512             NaN
    736.00000000    165.09478042             NaN
    737.00000000    165.39896144             NaN
    738.00000000    165.70265905             NaN
    739.00000000    166.00587409             NaN
    740.00000000    166.30860741             NaN
    741.00000000    166.61085987             NaN
    742.00000000    166.91263231             NaN
    743.00000000    167.21392558             NaN
    744.00000000    167.51474051             NaN
    745.00000000    167.81507796             NaN
    746.00000000    168.11493876             NaN
    747.00000000    168.41432374             NaN
    748.00000000    168.71323374             NaN
    749.00000000    169.01166961             NaN
    750.00000000    169.30963216             NaN
    751.00000000    169.60712222             NaN
    752.00000000    169.90414064             NaN
    753.00000000    170.20068822             NaN
    754.00000000    170.49676580             NaN
    755.00000000    170.79237419             NaN
    756.00000000    171.08751422             NaN
    757.00000000    171.38218671             NaN
    758.00000000    171.67639246             NaN
    759.00000000    171.97013231             NaN
    760.00000000    172.26340705             NaN
    761.00000000    172.55621750             NaN
    762.00000000    172.84856447             NaN
    763.00000000    173.14044876             NaN
    764.00000000    173.43187119             NaN
    765.00000000    173.72283255             NaN
    766.00000000    174.01333364             NaN
    767.00000000    174.30337528             NaN
    768.00000000    174.59295824             NaN
    769.00000000    174.88208334             NaN
    770.00000000    175.17075136             NaN
    771.00000000    175.45896309             NaN
    772.00000000    175.74671934             NaN
    773.00000000    176.03402088             NaN
    774.00000000    176.32086851             NaN
    775.00000000    176.60726301             NaN
    776.00000000    176.89320516             NaN
    777.00000000    177.17869575             NaN
    778.00000000    177.46373555             NaN
    779.00000000    177.74832535             NaN
    780.00000000    178.03246592             NaN
    781.00000000    178.31615804             NaN
    782.00000000    178.59940247             NaN
    783.00000000    178.88220000             NaN
    784.00000000    179.16455140             NaN
    785.00000000    179.44645742             NaN
    786.00000000    179.72791883             NaN
    787.00000000    180.00893641             NaN
    788.00000000    180.28951092             NaN
    789.00000000    180.56964311             NaN
    790.00000000    180.84933374             NaN
    791.00000000    181.12858358             NaN
    792.00000000    181.40739338             NaN
    793.00000000    181.68576390             NaN
    794.00000000    181.96369588             NaN
    795.00000000    182.24119008             NaN
    796.00000000    182.51824726             NaN
    797.00000000    182.79486815             NaN
    798.00000000    183.07105350             NaN
    799.00000000    183.34680407             NaN
    800.00000000    183.62212059             NaN
    801.00000000    183.89700380             NaN
    802.00000000    184.17145444             NaN
    803.00000000    184.44547326             NaN
    804.00000000    184.71906099             NaN
    805.00000000    184.99221836             NaN
    806.00000000    185.26494612             NaN
    807.00000000    185.53724498             NaN
    808.00000000    185.80911568             NaN
    809.00000000    186.08055896             NaN
    810.00000000    186.35157553             NaN
    811.00000000    186.62216612             NaN
    812.00000000    186.89233147             NaN
    813.00000000    187.16207228             NaN
    814.00000000    187.43138928             NaN
    815.00000000    187.70028320             NaN
    816.00000000    187.96875474             NaN
    817.00000000    188.23680463             NaN
    818.00000000    188.50443358             NaN
    819.00000000    188.77164230             NaN
    820.00000000    189.03843151             NaN
    821.00000000    189.30480191             NaN
    822.00000000    189.57075422             NaN
    823.00000000    189.83628913             NaN
    824.00000000    190.10140737             NaN
    825.00000000    190.36610963             NaN
    826.00000000    190.63039662             NaN
    827.00000000    190.89426903             NaN
    828.00000000    191.15772756             NaN
    829.00000000    191.42077292             NaN
    830.00000000    191.68340580             NaN
    831.00000000    191.94562690             NaN
    832.00000000    192.20743691             NaN
    833.00000000    192.46883653             NaN
    834.00000000    192.72982643             NaN
    835.00000000    192.99040733             NaN
    836.00000000    193.25057989             NaN
    837.00000000    193.51034481             NaN
    838.00000000    193.76970278             NaN
    839.00000000    194.02865447             NaN
    840.00000000    194.28720057             NaN
    841.00000000    194.54534177             NaN
    842.00000000    194.80307873             NaN
    843.00000000    195.06041215             NaN
    844.00000000    195.31734269             NaN
    845.00000000    195.57387103             NaN
    846.00000000    195.82999784             NaN
    847.00000000    196.08572380             NaN
    848.00000000    196.34104958             NaN
    849.00000000    196.59597585             NaN
    850.00000000    196.85050328             NaN
    851.00000000    197.10463252             NaN
    852.00000000    197.35836426             NaN
    853.00000000    197.61169915             NaN
    854.00000000    197.86463785             NaN
    855.00000000    198.11718103             NaN
    856.00000000    198.36932935             NaN
    857.00000000    198.62108346             NaN
    858.00000000    198.87244403             NaN
    859.00000000    199.12341170             NaN
    860.00000000    199.37398714             NaN
    861.00000000    199.62417100             NaN
    862.00000000    199.87396393             NaN
    863.00000000    200.12336657             NaN
    864.00000000    200.37237959             NaN
    865.00000000    200.62100362             NaN
    866.00000000    200.86923931             NaN
    867.00000000    201.11708731             NaN
    868.00000000    201.36454827             NaN
    869.00000000    201.61162282             NaN
    870.00000000    201.85831161             NaN
    871.00000000    202.10461528             NaN
    872.00000000    202.35053446             NaN
    873.00000000    202.59606979             NaN
    874.00000000    202.84122192             NaN
    875.00000000    203.08599147             NaN
    876.00000000    203.33037907             NaN
    877.00000000    203.57438537             NaN
    878.00000000    203.81801099             NaN
    879.00000000    204.06125656             NaN
    880.00000000    204.30412271             NaN
    881.00000000    204.54661007             NaN
    882.00000000    204.78871926             NaN
    883.00000000    205.03045091             NaN
    884.00000000    205.27180564             NaN
    885.00000000    205.51278407             NaN
    886.00000000    205.75338683             NaN
    887.00000000    205.99361454             NaN
    888.00000000    206.23346780             NaN
    889.00000000    206.47294725             NaN
    890.00000000    206.71205349             NaN
    891.00000000    206.95078715             NaN
    892.00000000    207.18914882             NaN
    893.00000000    207.42713914             NaN
    894.00000000    207.66475870             NaN
    895.00000000    207.90200813             NaN
    896.00000000    208.13888801             NaN
    897.00000000    208.37539898             NaN
    898.00000000    208.61154162             NaN
    899.00000000    208.84731655             NaN
    900.00000000    209.08272437             NaN
    901.00000000    209.31776568             NaN
    902.00000000    209.55244109             NaN
    903.00000000    209.78675119             NaN
    904.00000000    210.02069658             NaN
    905.00000000    210.25427787             NaN
    906.00000000    210.48749564             NaN
    907.00000000    210.72035050             NaN
    908.00000000    210.95284304             NaN
    909.00000000    211.18497384             NaN
    910.00000000    211.41674352             NaN
    911.00000000    211.64815264             NaN
    912.00000000    211.87920181             NaN
    913.00000000    212.10989162             NaN
    914.00000000    212.34022264             NaN
    915.00000000    212.57019547             NaN
    916.00000000    212.79981070             NaN
    917.00000000    213.02906890             NaN
    918.00000000    213.25797066             NaN
    919.00000000    213.48651656             NaN
    920.00000000    213.71470718             NaN
    921.00000000    213.94254311             NaN
    922.00000000    214.17002491             NaN
    923.00000000    214.39715317             NaN
    924.00000000    214.62392847             NaN
    925.00000000    214.85035137             NaN
    926.00000000    215.07642245             NaN
    927.00000000    215.30214229             NaN
    928.00000000    215.52751146             NaN
    929.00000000    215.75253052             NaN
    930.00000000    215.97720005             NaN
    931.00000000    216.20152062             NaN
    932.00000000    216.42549279             NaN
    933.00000000    216.64911712             NaN
    934.00000000    216.87239419             NaN
    935.00000000    217.09532456             NaN
    936.00000000    217.31790879             NaN
    937.00000000    217.54014745             NaN
    938.00000000    217.76204108             NaN
    939.00000000    217.98359027             NaN
    940.00000000    218.20479555             NaN
    941.00000000    218.42565749             NaN
    942.00000000    218.64617665             NaN
    943.00000000    218.86635358             NaN
    944.00000000    219.08618884             NaN
    945.00000000    219.30568298             NaN
    946.00000000    219.52483655             NaN
    947.00000000    219.74365010             NaN
    948.00000000    219.96212418             NaN
    949.00000000    220.18025935             NaN
    950.00000000    220.39805615             NaN
    951.00000000    220.61551513             NaN
    952.00000000    220.83263683             NaN
    953.00000000    221.04942180             NaN
    954.00000000    221.26587058             NaN
    955.00000000    221.48198372             NaN
    956.00000000    221.69776176             NaN
    957.00000000    221.91320523             NaN
    958.00000000    222.12831469             NaN
    959.00000000    222.34309066             NaN
    960.00000000    222.55753368             NaN
    961.00000000    222.77164430             NaN
    962.00000000    222.98542305             NaN
    963.00000000    223.19887046             NaN
    964.00000000    223.41198707             NaN
    965.00000000    223.62477340             NaN
    966.00000000    223.83723000             NaN
    967.00000000    224.04935739             NaN
    968.00000000    224.26115610             NaN
    969.00000000    224.47262667             NaN
    970.00000000    224.68376961             NaN
    971.00000000    224.89458546             NaN
    972.00000000    225.10507474             NaN
    973.00000000    225.31523797             NaN
    974.00000000    225.52507569             NaN
    975.00000000    225.73458841             NaN
    976.00000000    225.94377665             NaN
    977.00000000    226.15264094             NaN
    978.00000000    226.36118180             NaN
    979.00000000    226.56939974             NaN
    980.00000000    226.77729529             NaN
    981.00000000    226.90523821             NaN
    982.00000000    227.10994688             NaN
    983.00000000    227.36071500             NaN
    984.00000000    227.63911880             NaN
    985.00000000    227.93410399             NaN
    986.00000000    228.23903803             NaN
    987.00000000    228.54994137             NaN
    988.00000000    228.86442630             NaN
    989.00000000    229.18106018             NaN
    990.00000000    229.49898342             NaN
    991.00000000    229.81768029             NaN
    992.00000000    230.13684133             NaN
    993.00000000    230.45628087             NaN
    994.00000000    230.77588752             NaN
    995.00000000    231.09559443             NaN
    996.00000000    231.41536149             NaN
    997.00000000    231.73516465             NaN
    998.00000000    232.05498947             NaN
    999.00000000    232.37482728             NaN
   1000.00000000    232.69467288             NaN
