      1.00000000     -3.46519542             NaN
      2.00000000     -3.46519238             NaN
      3.00000000     -3.46518150             NaN
      4.00000000     -3.46516132             NaN
      5.00000000     -3.46513066             NaN
      6.00000000     -3.46508840             NaN
      7.00000000     -3.46503363             NaN
      8.00000000     -3.46496524             NaN
      9.00000000     -3.46488210             NaN
     10.00000000     -3.46478337             NaN
     11.00000000     -3.46466791             NaN
     12.00000000     -3.46453454             NaN
     13.00000000     -3.46438212             NaN
     14.00000000     -3.46420932             NaN
     15.00000000     -3.46401534             NaN
     16.00000000     -3.46379838             NaN
     17.00000000     -3.46355758             NaN
     18.00000000     -3.46329119             NaN
     19.00000000     -3.46299780             NaN
     20.00000000     -3.46267631             NaN
     21.00000000     -3.46232465             NaN
     22.00000000     -3.46194163             NaN
     23.00000000     -3.46152535             NaN
     24.00000000     -3.46107416             NaN
     25.00000000     -3.46058641             NaN
     26.00000000     -3.46005946             NaN
     27.00000000     -3.45949238             NaN
     28.00000000     -3.45888184             NaN
     29.00000000     -3.45822740             NaN
     30.00000000     -3.45752489             NaN
     31.00000000     -3.45677386             NaN
     32.00000000     -3.45597035             NaN
     33.00000000     -3.45511267             NaN
     34.00000000     -3.45419779             NaN
     35.00000000     -3.45322395             NaN
     36.00000000     -3.45218720             NaN
     37.00000000     -3.45108483             NaN
     38.00000000     -3.44991409             NaN
     39.00000000     -3.44867128             NaN
     40.00000000     -3.44735433             NaN
     41.00000000     -3.44595839             NaN
     42.00000000     -3.44448023             NaN
     43.00000000     -3.44291652             NaN
     44.00000000     -3.44126387             NaN
     45.00000000     -3.43951662             NaN
     46.00000000     -3.43767211             NaN
     47.00000000     -3.43572541             NaN
     48.00000000     -3.43367256             NaN
     49.00000000     -3.43150824             NaN
     50.00000000     -3.42922683             NaN
     51.00000000     -3.42682522             NaN
     52.00000000     -3.42429751             NaN
     53.00000000     -3.42163754             NaN
     54.00000000     -3.41884186             NaN
     55.00000000     -3.41590087             NaN
     56.00000000     -3.41281233             NaN
     57.00000000     -3.40956759             NaN
     58.00000000     -3.40616268             NaN
     59.00000000     -3.40258836             NaN
     60.00000000     -3.39883850             NaN
     61.00000000     -3.39490684             NaN
     62.00000000     -3.39078502             NaN
     63.00000000     -3.38646636             NaN
     64.00000000     -3.38194192             NaN
     65.00000000     -3.37720453             NaN
     66.00000000     -3.37224469             NaN
     67.00000000     -3.36705471             NaN
     68.00000000     -3.36162446             NaN
     69.00000000     -3.35594574             NaN
     70.00000000     -3.35000775             NaN
     71.00000000     -3.34380429             NaN
     72.00000000     -3.33732146             NaN
     73.00000000     -3.33054729             NaN
     74.00000000     -3.32347758             NaN
     75.00000000     -3.31609441             NaN
     76.00000000     -3.30839036             NaN
     77.00000000     -3.30035218             NaN
     78.00000000     -3.29196607             NaN
     79.00000000     -3.28322402             NaN
     80.00000000     -3.27411167             NaN
     81.00000000     -3.26461410             NaN
     82.00000000     -3.25471583             NaN
     83.00000000     -3.24441132             NaN
     84.00000000     -3.23367754             NaN
     85.00000000     -3.22250490             NaN
     86.00000000     -3.21087635             NaN
     87.00000000     -3.19877426             NaN
     88.00000000     -3.18619225             NaN
     89.00000000     -3.17310416             NaN
     90.00000000     -3.15949488             NaN
     91.00000000     -3.14535329             NaN
     92.00000000     -3.13065970             NaN
     93.00000000     -3.11538927             NaN
     94.00000000     -3.09953433             NaN
     95.00000000     -3.08306908             NaN
     96.00000000     -3.06598094             NaN
     97.00000000     -3.04824276             NaN
     98.00000000     -3.02983628             NaN
     99.00000000     -3.01074805             NaN
    100.00000000     -2.99094378             NaN
    101.00000000     -2.97041436             NaN
    102.00000000     -2.94912931             NaN
    103.00000000     -2.92707378             NaN
    104.00000000     -2.90421581             NaN
    105.00000000     -2.88053392             NaN
    106.00000000     -2.85600627             NaN
    107.00000000     -2.83059845             NaN
    108.00000000     -2.80429347             NaN
    109.00000000     -2.77706173             NaN
    110.00000000     -2.74886617             NaN
    111.00000000     -2.71968839             NaN
    112.00000000     -2.68949651             NaN
    113.00000000     -2.65825074             NaN
    114.00000000     -2.62592405             NaN
    115.00000000     -2.59248173             NaN
    116.00000000     -2.55788069             NaN
    117.00000000     -2.52209137             NaN
    118.00000000     -2.48506836             NaN
    119.00000000     -2.44677248             NaN
    120.00000000     -2.40716347             NaN
    121.00000000     -2.36618358             NaN
    122.00000000     -2.32379777             NaN
    123.00000000     -2.27994489             NaN
    124.00000000     -2.23456998             NaN
    125.00000000     -2.18761623             NaN
    126.00000000     -2.13901579             NaN
    127.00000000     -2.08871664             NaN
    128.00000000     -2.03662771             NaN
    129.00000000     -1.98269211             NaN
    130.00000000     -1.92681236             NaN
    131.00000000     -1.86890644             NaN
    132.00000000     -1.80887911             NaN
    133.00000000     -1.74662077             NaN
    134.00000000     -1.68203814             NaN
    135.00000000     -1.61499144             NaN
    136.00000000     -1.54535604             NaN
    137.00000000     -1.47299079             NaN
    138.00000000     -1.39773675             NaN
    139.00000000     -1.31942749             NaN
    140.00000000     -1.23788885             NaN
    141.00000000     -1.15289026             NaN
    142.00000000     -1.06423842             NaN
    143.00000000     -0.97166846             NaN
    144.00000000     -0.87490152             NaN
    145.00000000     -0.77365730             NaN
    146.00000000     -0.66758799             NaN
    147.00000000     -0.55632680             NaN
    148.00000000     -0.48201547             NaN
    149.00000000     -0.40723093             NaN
    150.00000000     -0.33199208             NaN
    151.00000000     -0.25627487             NaN
    152.00000000     -0.18008684             NaN
    153.00000000     -0.10343309             NaN
    154.00000000     -0.02630910             NaN
    155.00000000      0.05128605             NaN
    156.00000000      0.12935339             NaN
    157.00000000      0.20789398             NaN
    158.00000000      0.28690897             NaN
    159.00000000      0.36639955             NaN
    160.00000000      0.44636698             NaN
    161.00000000      0.52681257             NaN
    162.00000000      0.60773770             NaN
    163.00000000      0.68914378             NaN
    164.00000000      0.77103228             NaN
    165.00000000      0.85340472             NaN
    166.00000000      0.93626264             NaN
    167.00000000      1.01960766             NaN
    168.00000000      1.10344143             NaN
    169.00000000      1.18776561             NaN
    170.00000000      1.27258195             NaN
    171.00000000      1.35789221             NaN
    172.00000000      1.44369817             NaN
    173.00000000      1.53000168             NaN
    174.00000000      1.61680461             NaN
    175.00000000      1.70410886             NaN
    176.00000000      1.79191636             NaN
    177.00000000      1.88022909             NaN
    178.00000000      1.96904904             NaN
    179.00000000      2.05837824             NaN
    180.00000000      2.14821876             NaN
    181.00000000      2.23857267             NaN
    182.00000000      2.32944210             NaN
    183.00000000      2.42082919             NaN
    184.00000000      2.51273611             NaN
    185.00000000      2.60516506             NaN
    186.00000000      2.69811827             NaN
    187.00000000      2.79159798             NaN
    188.00000000      2.88560647             NaN
    189.00000000      2.98014605             NaN
    190.00000000      3.07521904             NaN
    191.00000000      3.17082779             NaN
    192.00000000      3.26697467             NaN
    193.00000000      3.36366209             NaN
    194.00000000      3.46089246             NaN
    195.00000000      3.55866823             NaN
    196.00000000      3.65699186             NaN
    197.00000000      3.75586586             NaN
    198.00000000      3.85529272             NaN
    199.00000000      3.95527499             NaN
    200.00000000      4.05581522             NaN
    201.00000000      4.15691599             NaN
    202.00000000      4.25857990             NaN
    203.00000000      4.36080958             NaN
    204.00000000      4.46360767             NaN
    205.00000000      4.56697683             NaN
    206.00000000      4.67091975             NaN
    207.00000000      4.77543913             NaN
    208.00000000      4.88053771             NaN
    209.00000000      4.98621824             NaN
    210.00000000      5.09248347             NaN
    211.00000000      5.19933622             NaN
    212.00000000      5.30677927             NaN
    213.00000000      5.41481547             NaN
    214.00000000      5.52344767             NaN
    215.00000000      5.63267873             NaN
    216.00000000      5.74251156             NaN
    217.00000000      5.85294906             NaN
    218.00000000      5.96399417             NaN
    219.00000000      6.07564983             NaN
    220.00000000      6.18791903             NaN
    221.00000000      6.30080476             NaN
    222.00000000      6.41431002             NaN
    223.00000000      6.52843785             NaN
    224.00000000      6.64319131             NaN
    225.00000000      6.75857347             NaN
    226.00000000      6.87458742             NaN
    227.00000000      6.99123628             NaN
    228.00000000      7.10852318             NaN
    229.00000000      7.22645127             NaN
    230.00000000      7.34502372             NaN
    231.00000000      7.46424374             NaN
    232.00000000      7.58411452             NaN
    233.00000000      7.70463932             NaN
    234.00000000      7.82582138             NaN
    235.00000000      7.94766397             NaN
    236.00000000      8.07017040             NaN
    237.00000000      8.19334397             NaN
    238.00000000      8.31718802             NaN
    239.00000000      8.44170590             NaN
    240.00000000      8.56690099             NaN
    241.00000000      8.69277669             NaN
    242.00000000      8.81933641             NaN
    243.00000000      8.94658359             NaN
    244.00000000      9.07452168             NaN
    245.00000000      9.20315417             NaN
    246.00000000      9.33248454             NaN
    247.00000000      9.46251633             NaN
    248.00000000      9.59325306             NaN
    249.00000000      9.72469831             NaN
    250.00000000      9.85685564             NaN
    251.00000000      9.98972866             NaN
    252.00000000     10.12332100             NaN
    253.00000000     10.25763630             NaN
    254.00000000     10.39267822             NaN
    255.00000000     10.52845045             NaN
    256.00000000     10.66495669             NaN
    257.00000000     10.80220068             NaN
    258.00000000     10.94018616             NaN
    259.00000000     11.07891691             NaN
    260.00000000     11.21839671             NaN
    261.00000000     11.35862938             NaN
    262.00000000     11.49961876             NaN
    263.00000000     11.64136871             NaN
    264.00000000     11.78388309             NaN
    265.00000000     11.92716582             NaN
    266.00000000     12.07122082             NaN
    267.00000000     12.21605203             NaN
    268.00000000     12.36166341             NaN
    269.00000000     12.50805897             NaN
    270.00000000     12.65524270             NaN
    271.00000000     12.80321865             NaN
    272.00000000     12.95199087             NaN
    273.00000000     13.10156343             NaN
    274.00000000     13.25194044             NaN
    275.00000000     13.40312603             NaN
    276.00000000     13.55512434             NaN
    277.00000000     13.70793954             NaN
    278.00000000     13.86157582             NaN
    279.00000000     14.01603740             NaN
    280.00000000     14.17132852             NaN
    281.00000000     14.32745345             NaN
    282.00000000     14.48441646             NaN
    283.00000000     14.64222186             NaN
    284.00000000     14.80087400             NaN
    285.00000000     14.96037723             NaN
    286.00000000     15.12073592             NaN
    287.00000000     15.28195448             NaN
    288.00000000     15.44403735             NaN
    289.00000000     15.60698897             NaN
    290.00000000     15.77081382             NaN
    291.00000000     15.93551640             NaN
    292.00000000     16.10110124             NaN
    293.00000000     16.26757288             NaN
    294.00000000     16.43493591             NaN
    295.00000000     16.60319493             NaN
    296.00000000     16.77235455             NaN
    297.00000000     16.94241943             NaN
    298.00000000     17.11339424             NaN
    299.00000000     17.28528369             NaN
    300.00000000     17.45809249             NaN
    301.00000000     17.63182540             NaN
    302.00000000     17.80648721             NaN
    303.00000000     17.98208270             NaN
    304.00000000     18.15861670             NaN
    305.00000000     18.33609408             NaN
    306.00000000     18.51451972             NaN
    307.00000000     18.69389851             NaN
    308.00000000     18.87423539             NaN
    309.00000000     19.05553533             NaN
    310.00000000     19.23780330             NaN
    311.00000000     19.42104433             NaN
    312.00000000     19.60526345             NaN
    313.00000000     19.79046572             NaN
    314.00000000     19.97665625             NaN
    315.00000000     20.16384015             NaN
    316.00000000     20.35202257             NaN
    317.00000000     20.54120869             NaN
    318.00000000     20.73140371             NaN
    319.00000000     20.92261286             NaN
    320.00000000     21.11484141             NaN
    321.00000000     21.30809463             NaN
    322.00000000     21.50237786             NaN
    323.00000000     21.69769642             NaN
    324.00000000     21.89405569             NaN
    325.00000000     22.09146108             NaN
    326.00000000     22.28991802             NaN
    327.00000000     22.48943195             NaN
    328.00000000     22.69000838             NaN
    329.00000000     22.89165281             NaN
    330.00000000     23.09437081             NaN
    331.00000000     23.29816793             NaN
    332.00000000     23.50304978             NaN
    333.00000000     23.70902201             NaN
    334.00000000     23.91609028             NaN
    335.00000000     24.12426028             NaN
    336.00000000     24.33353774             NaN
    337.00000000     24.54392841             NaN
    338.00000000     24.75543809             NaN
    339.00000000     24.96807258             NaN
    340.00000000     25.18183774             NaN
    341.00000000     25.39673944             NaN
    342.00000000     25.61278360             NaN
    343.00000000     25.82997616             NaN
    344.00000000     26.04832309             NaN
    345.00000000     26.26783039             NaN
    346.00000000     26.48850411             NaN
    347.00000000     26.71035030             NaN
    348.00000000     26.93337508             NaN
    349.00000000     27.15758116             NaN
    350.00000000     27.38297106             NaN
    351.00000000     27.60954226             NaN
    352.00000000     27.83730097             NaN
    353.00000000     28.06625340             NaN
    354.00000000     28.29640581             NaN
    355.00000000     28.52776449             NaN
    356.00000000     28.76033577             NaN
    357.00000000     28.99412600             NaN
    358.00000000     29.22914156             NaN
    359.00000000     29.46538888             NaN
    360.00000000     29.70287442             NaN
    361.00000000     29.94160466             NaN
    362.00000000     30.18158613             NaN
    363.00000000     30.42282539             NaN
    364.00000000     30.66532903             NaN
    365.00000000     30.90910367             NaN
    366.00000000     31.15415598             NaN
    367.00000000     31.40049265             NaN
    368.00000000     31.64812042             NaN
    369.00000000     31.89704606             NaN
    370.00000000     32.14727635             NaN
    371.00000000     32.39881815             NaN
    372.00000000     32.65167833             NaN
    373.00000000     32.90586379             NaN
    374.00000000     33.16138149             NaN
    375.00000000     33.41823840             NaN
    376.00000000     33.67644155             NaN
    377.00000000     33.93599798             NaN
    378.00000000     34.19691480             NaN
    379.00000000     34.45919913             NaN
    380.00000000     34.72285814             NaN
    381.00000000     34.98789903             NaN
    382.00000000     35.25432906             NaN
    383.00000000     35.52215549             NaN
    384.00000000     35.79138565             NaN
    385.00000000     36.06202689             NaN
    386.00000000     36.33408661             NaN
    387.00000000     36.60757225             NaN
    388.00000000     36.88249128             NaN
    389.00000000     37.15885121             NaN
    390.00000000     37.43665959             NaN
    391.00000000     37.71592401             NaN
    392.00000000     37.99665211             NaN
    393.00000000     38.27885156             NaN
    394.00000000     38.56253007             NaN
    395.00000000     38.84769538             NaN
    396.00000000     39.13435531             NaN
    397.00000000     39.42251766             NaN
    398.00000000     39.71219033             NaN
    399.00000000     40.00338123             NaN
    400.00000000     40.29609832             NaN
    401.00000000     40.59034958             NaN
    402.00000000     40.88614307             NaN
    403.00000000     41.18348687             NaN
    404.00000000     41.48238910             NaN
    405.00000000     41.78285794             NaN
    406.00000000     42.08490158             NaN
    407.00000000     42.38852829             NaN
    408.00000000     42.69374637             NaN
    409.00000000     43.00056414             NaN
    410.00000000     43.30899001             NaN
    411.00000000     43.61903239             NaN
    412.00000000     43.93069976             NaN
    413.00000000     44.24400064             NaN
    414.00000000     44.55894359             NaN
    415.00000000     44.87553720             NaN
    416.00000000     45.19379015             NaN
    417.00000000     45.51371111             NaN
    418.00000000     45.83530884             NaN
    419.00000000     46.15859212             NaN
    420.00000000     46.48356979             NaN
    421.00000000     46.81025073             NaN
    422.00000000     47.13864386             NaN
    423.00000000     47.46875816             NaN
    424.00000000     47.80060264             NaN
    425.00000000     48.13418639             NaN
    426.00000000     48.46951851             NaN
    427.00000000     48.80660816             NaN
    428.00000000     49.14546457             NaN
    429.00000000     49.48609698             NaN
    430.00000000     49.82851471             NaN
    431.00000000     50.17272712             NaN
    432.00000000     50.51874360             NaN
    433.00000000     50.86657362             NaN
    434.00000000     51.21622668             NaN
    435.00000000     51.56771234             NaN
    436.00000000     51.92104019             NaN
    437.00000000     52.27621990             NaN
    438.00000000     52.63326118             NaN
    439.00000000     52.99217377             NaN
    440.00000000     53.35296749             NaN
    441.00000000     53.71565220             NaN
    442.00000000     54.08023780             NaN
    443.00000000     54.44673426             NaN
    444.00000000     54.81515160             NaN
    445.00000000     55.18549988             NaN
    446.00000000     55.55778922             NaN
    447.00000000     55.93202980             NaN
    448.00000000     56.30823184             NaN
    449.00000000     56.68640563             NaN
    450.00000000     57.06656149             NaN
    451.00000000     57.44870982             NaN
    452.00000000     57.83286106             NaN
    453.00000000     58.21902571             NaN
    454.00000000     58.60721432             NaN
    455.00000000     58.99743749             NaN
    456.00000000     59.38970589             NaN
    457.00000000     59.78403025             NaN
    458.00000000     60.18042133             NaN
    459.00000000     60.57888997             NaN
    460.00000000     60.97944706             NaN
    461.00000000     61.38210354             NaN
    462.00000000     61.78687041             NaN
    463.00000000     62.19375874             NaN
    464.00000000     62.60277965             NaN
    465.00000000     63.01394432             NaN
    466.00000000     63.42726397             NaN
    467.00000000     63.84274990             NaN
    468.00000000     64.26041348             NaN
    469.00000000     64.68026610             NaN
    470.00000000     65.10231925             NaN
    471.00000000     65.52658446             NaN
    472.00000000     65.95307331             NaN
    473.00000000     66.38179748             NaN
    474.00000000     66.81276866             NaN
    475.00000000     67.24599865             NaN
    476.00000000     67.68149927             NaN
    477.00000000     68.11928243             NaN
    478.00000000     68.55936009             NaN
    479.00000000     69.00174428             NaN
    480.00000000     69.44644709             NaN
    481.00000000     69.89348066             NaN
    482.00000000     70.34285722             NaN
    483.00000000     70.79458905             NaN
    484.00000000     71.24868848             NaN
    485.00000000     71.70516793             NaN
    486.00000000     72.16403988             NaN
    487.00000000     72.62531685             NaN
    488.00000000     73.08901147             NaN
    489.00000000     73.55513639             NaN
    490.00000000     74.01371698             NaN
    491.00000000     74.47151389             NaN
    492.00000000     74.92852880             NaN
    493.00000000     75.38476339             NaN
    494.00000000     75.84021934             NaN
    495.00000000     76.29489831             NaN
    496.00000000     76.74880198             NaN
    497.00000000     77.20193201             NaN
    498.00000000     77.65429004             NaN
    499.00000000     78.10587773             NaN
    500.00000000     78.55669672             NaN
    501.00000000     79.00674864             NaN
    502.00000000     79.45603514             NaN
    503.00000000     79.90455785             NaN
    504.00000000     80.35231838             NaN
    505.00000000     80.79931835             NaN
    506.00000000     81.24555937             NaN
    507.00000000     81.69104306             NaN
    508.00000000     82.13577102             NaN
    509.00000000     82.57974485             NaN
    510.00000000     83.02296613             NaN
    511.00000000     83.46543645             NaN
    512.00000000     83.90715741             NaN
    513.00000000     84.34813057             NaN
    514.00000000     84.78835751             NaN
    515.00000000     85.22783980             NaN
    516.00000000     85.66657900             NaN
    517.00000000     86.10457667             NaN
    518.00000000     86.54183437             NaN
    519.00000000     86.97835364             NaN
    520.00000000     87.41413602             NaN
    521.00000000     87.84918306             NaN
    522.00000000     88.28349629             NaN
    523.00000000     88.71707724             NaN
    524.00000000     89.14992743             NaN
    525.00000000     89.58204839             NaN
    526.00000000     90.01344163             NaN
    527.00000000     90.44410866             NaN
    528.00000000     90.87405100             NaN
    529.00000000     91.30327013             NaN
    530.00000000     91.73176756             NaN
    531.00000000     92.15954479             NaN
    532.00000000     92.58660329             NaN
    533.00000000     93.01294455             NaN
    534.00000000     93.43857006             NaN
    535.00000000     93.86348129             NaN
    536.00000000     94.28767970             NaN
    537.00000000     94.71116676             NaN
    538.00000000     95.13394394             NaN
    539.00000000     95.55601269             NaN
    540.00000000     95.97737447             NaN
    541.00000000     96.39803072             NaN
    542.00000000     96.81798288             NaN
    543.00000000     97.23723241             NaN
    544.00000000     97.65578072             NaN
    545.00000000     98.07362925             NaN
    546.00000000     98.49077944             NaN
    547.00000000     98.90723270             NaN
    548.00000000     99.32299044             NaN
    549.00000000     99.73805409             NaN
    550.00000000    100.15242506             NaN
    551.00000000    100.56610474             NaN
    552.00000000    100.97909455             NaN
    553.00000000    101.39139587             NaN
    554.00000000    101.80301011             NaN
    555.00000000    102.21393865             NaN
    556.00000000    102.62418287             NaN
    557.00000000    103.03374416             NaN
    558.00000000    103.44262390             NaN
    559.00000000    103.85082345             NaN
    560.00000000    104.25834419             NaN
    561.00000000    104.66518748             NaN
    562.00000000    105.07135469             NaN
    563.00000000    105.47684716             NaN
    564.00000000    105.88166625             NaN
    565.00000000    106.28581331             NaN
    566.00000000    106.68928969             NaN
    567.00000000    107.09209673             NaN
    568.00000000    107.49423576             NaN
    569.00000000    107.89570812             NaN
    570.00000000    108.29651514             NaN
    571.00000000    108.69665814             NaN
    572.00000000    109.09613845             NaN
    573.00000000    109.49495738             NaN
    574.00000000    109.89311626             NaN
    575.00000000    110.29061638             NaN
    576.00000000    110.68745905             NaN
    577.00000000    111.08364559             NaN
    578.00000000    111.47917728             NaN
    579.00000000    111.87405543             NaN
    580.00000000    112.26828132             NaN
    581.00000000    112.66185625             NaN
    582.00000000    113.05478150             NaN
    583.00000000    113.44705835             NaN
    584.00000000    113.83868807             NaN
    585.00000000    114.22967195             NaN
    586.00000000    114.62001125             NaN
    587.00000000    115.00970724             NaN
    588.00000000    115.39876118             NaN
    589.00000000    115.78717433             NaN
    590.00000000    116.17494795             NaN
    591.00000000    116.56208329             NaN
    592.00000000    116.94858160             NaN
    593.00000000    117.33444412             NaN
    594.00000000    117.71967210             NaN
    595.00000000    118.10426677             NaN
    596.00000000    118.48822937             NaN
    597.00000000    118.87156113             NaN
    598.00000000    119.25426328             NaN
    599.00000000    119.63633704             NaN
    600.00000000    120.01778364             NaN
    601.00000000    120.39860429             NaN
    602.00000000    120.77880021             NaN
    603.00000000    121.15837261             NaN
    604.00000000    121.53732270             NaN
    605.00000000    121.91565167             NaN
    606.00000000    122.29336074             NaN
    607.00000000    122.67045110             NaN
    608.00000000    123.04692395             NaN
    609.00000000    123.42278047             NaN
    610.00000000    123.79802186             NaN
    611.00000000    124.17264929             NaN
    612.00000000    124.54666396             NaN
    613.00000000    124.92006704             NaN
    614.00000000    125.29285970             NaN
    615.00000000    125.66504312             NaN
    616.00000000    126.03661846             NaN
    617.00000000    126.40758689             NaN
    618.00000000    126.77794958             NaN
    619.00000000    127.14770769             NaN
    620.00000000    127.51686236             NaN
    621.00000000    127.88541475             NaN
    622.00000000    128.25336602             NaN
    623.00000000    128.62071730             NaN
    624.00000000    128.98746975             NaN
    625.00000000    129.35362450             NaN
    626.00000000    129.71918270             NaN
    627.00000000    130.08414547             NaN
    628.00000000    130.44851394             NaN
    629.00000000    130.81228926             NaN
    630.00000000    131.17547253             NaN
    631.00000000    131.53806489             NaN
    632.00000000    131.90006746             NaN
    633.00000000    132.26148134             NaN
    634.00000000    132.62230766             NaN
    635.00000000    132.98254752             NaN
    636.00000000    133.34220204             NaN
    637.00000000    133.70127231             NaN
    638.00000000    134.05975944             NaN
    639.00000000    134.41766453             NaN
    640.00000000    134.77498868             NaN
    641.00000000    135.13173297             NaN
    642.00000000    135.48789850             NaN
    643.00000000    135.84348636             NaN
    644.00000000    136.19849762             NaN
    645.00000000    136.55293338             NaN
    646.00000000    136.90679471             NaN
    647.00000000    137.26008268             NaN
    648.00000000    137.61279838             NaN
    649.00000000    137.96494286             NaN
    650.00000000    138.31651720             NaN
    651.00000000    138.66752247             NaN
    652.00000000    139.01795972             NaN
    653.00000000    139.36783002             NaN
    654.00000000    139.71713442             NaN
    655.00000000    140.06587398             NaN
    656.00000000    140.41404974             NaN
    657.00000000    140.76166276             NaN
    658.00000000    141.10871408             NaN
    659.00000000    141.45520474             NaN
    660.00000000    141.80113579             NaN
    661.00000000    142.14650827             NaN
    662.00000000    142.49132320             NaN
    663.00000000    142.83558162             NaN
    664.00000000    143.17928456             NaN
    665.00000000    143.52243305             NaN
    666.00000000    143.86502812             NaN
    667.00000000    144.20707078             NaN
    668.00000000    144.54856205             NaN
    669.00000000    144.88950295             NaN
    670.00000000    145.22989450             NaN
    671.00000000    145.56973770             NaN
    672.00000000    145.90903357             NaN
    673.00000000    146.24778312             NaN
    674.00000000    146.58598733             NaN
    675.00000000    146.92364723             NaN
    676.00000000    147.26076381             NaN
    677.00000000    147.59733806             NaN
    678.00000000    147.93337097             NaN
    679.00000000    148.26886355             NaN
    680.00000000    148.60381677             NaN
    681.00000000    148.93823163             NaN
    682.00000000    149.27210910             NaN
    683.00000000    149.60545018             NaN
    684.00000000    149.93825584             NaN
    685.00000000    150.27052705             NaN
    686.00000000    150.60226479             NaN
    687.00000000    150.93347004             NaN
    688.00000000    151.26414375             NaN
    689.00000000    151.59428691             NaN
    690.00000000    151.92390047             NaN
    691.00000000    152.25298539             NaN
    692.00000000    152.58154264             NaN
    693.00000000    152.90957318             NaN
    694.00000000    153.23707795             NaN
    695.00000000    153.56405792             NaN
    696.00000000    153.89051402             NaN
    697.00000000    154.21644722             NaN
    698.00000000    154.54185845             NaN
    699.00000000    154.86674866             NaN
    700.00000000    155.19111880             NaN
    701.00000000    155.51496979             NaN
    702.00000000    155.83830258             NaN
    703.00000000    156.16111810             NaN
    704.00000000    156.48341728             NaN
    705.00000000    156.80520105             NaN
    706.00000000    157.12647035             NaN
    707.00000000    157.44722609             NaN
    708.00000000    157.76746919             NaN
    709.00000000    158.08720059             NaN
    710.00000000    158.40642120             NaN
    711.00000000    158.72513193             NaN
    712.00000000    159.04333369             NaN
    713.00000000    159.36102741             NaN
    714.00000000    159.67821399             NaN
    715.00000000    159.99489434             NaN
    716.00000000    160.31106936             NaN
    717.00000000    160.62673996             NaN
    718.00000000    160.94190704             NaN
    719.00000000    161.25657149             NaN
    720.00000000    161.57073421             NaN
    721.00000000    161.88439611             NaN
    722.00000000    162.19755806             NaN
    723.00000000    162.51022097             NaN
    724.00000000    162.82238572             NaN
    725.00000000    163.13405319             NaN
    726.00000000    163.44522427             NaN
    727.00000000    163.75589984             NaN
    728.00000000    164.06608079             NaN
    729.00000000    164.37576799             NaN
    730.00000000    164.68496231             NaN
    731.00000000    164.99366463             NaN
    732.00000000    165.30187582             NaN
    733.00000000    165.60959675             NaN
    734.00000000    165.91682829             NaN
    735.00000000    166.22357130             NaN
    736.00000000    166.52982666             NaN
    737.00000000    166.83559520             NaN
    738.00000000    167.14087781             NaN
    739.00000000    167.44567534             NaN
    740.00000000    167.74998863             NaN
    741.00000000    168.05381855             NaN
    742.00000000    168.35716594             NaN
    743.00000000    168.66003166             NaN
    744.00000000    168.96241656             NaN
    745.00000000    169.26432147             NaN
    746.00000000    169.56574724             NaN
    747.00000000    169.86669472             NaN
    748.00000000    170.16716474             NaN
    749.00000000    170.46715815             NaN
    750.00000000    170.76667577             NaN
    751.00000000    171.06571844             NaN
    752.00000000    171.36428700             NaN
    753.00000000    171.66238227             NaN
    754.00000000    171.96000508             NaN
    755.00000000    172.25715626             NaN
    756.00000000    172.55383663             NaN
    757.00000000    172.85004701             NaN
    758.00000000    173.14578823             NaN
    759.00000000    173.44106111             NaN
    760.00000000    173.73586646             NaN
    761.00000000    174.03020509             NaN
    762.00000000    174.32407782             NaN
    763.00000000    174.61748547             NaN
    764.00000000    174.91042883             NaN
    765.00000000    175.20290872             NaN
    766.00000000    175.49492595             NaN
    767.00000000    175.78648131             NaN
    768.00000000    176.07757562             NaN
    769.00000000    176.36820966             NaN
    770.00000000    176.65838424             NaN
    771.00000000    176.94810016             NaN
    772.00000000    177.23735821             NaN
    773.00000000    177.52615919             NaN
    774.00000000    177.81450388             NaN
    775.00000000    178.10239307             NaN
    776.00000000    178.38982756             NaN
    777.00000000    178.67680813             NaN
    778.00000000    178.96333556             NaN
    779.00000000    179.24941064             NaN
    780.00000000    179.53503414             NaN
    781.00000000    179.82020685             NaN
    782.00000000    180.10492955             NaN
    783.00000000    180.38920300             NaN
    784.00000000    180.67302799             NaN
    785.00000000    180.95640528             NaN
    786.00000000    181.23933565             NaN
    787.00000000    181.52181987             NaN
    788.00000000    181.80385869             NaN
    789.00000000    182.08545290             NaN
    790.00000000    182.36660324             NaN
    791.00000000    182.64731049             NaN
    792.00000000    182.92757540             NaN
    793.00000000    183.20739874             NaN
    794.00000000    183.48678125             NaN
    795.00000000    183.76572370             NaN
    796.00000000    184.04422684             NaN
    797.00000000    184.32229142             NaN
    798.00000000    184.59991819             NaN
    799.00000000    184.87710791             NaN
    800.00000000    185.15386130             NaN
    801.00000000    185.43017914             NaN
    802.00000000    185.70606214             NaN
    803.00000000    185.98151107             NaN
    804.00000000    186.25652666             NaN
    805.00000000    186.53110964             NaN
    806.00000000    186.80526077             NaN
    807.00000000    187.07898076             NaN
    808.00000000    187.35227036             NaN
    809.00000000    187.62513031             NaN
    810.00000000    187.89756132             NaN
    811.00000000    188.16956413             NaN
    812.00000000    188.44113947             NaN
    813.00000000    188.71228806             NaN
    814.00000000    188.98301064             NaN
    815.00000000    189.25330791             NaN
    816.00000000    189.52318061             NaN
    817.00000000    189.79262946             NaN
    818.00000000    190.06165516             NaN
    819.00000000    190.33025845             NaN
    820.00000000    190.59844004             NaN
    821.00000000    190.86620063             NaN
    822.00000000    191.13354095             NaN
    823.00000000    191.40046170             NaN
    824.00000000    191.66696359             NaN
    825.00000000    191.93304734             NaN
    826.00000000    192.19871364             NaN
    827.00000000    192.46396320             NaN
    828.00000000    192.72879673             NaN
    829.00000000    192.99321493             NaN
    830.00000000    193.25721850             NaN
    831.00000000    193.52080813             NaN
    832.00000000    193.78398453             NaN
    833.00000000    194.04674840             NaN
    834.00000000    194.30910041             NaN
    835.00000000    194.57104128             NaN
    836.00000000    194.83257169             NaN
    837.00000000    195.09369233             NaN
    838.00000000    195.35440389             NaN
    839.00000000    195.61470705             NaN
    840.00000000    195.87460251             NaN
    841.00000000    196.13409095             NaN
    842.00000000    196.39317305             NaN
    843.00000000    196.65184949             NaN
    844.00000000    196.91012096             NaN
    845.00000000    197.16798812             NaN
    846.00000000    197.42545167             NaN
    847.00000000    197.68251227             NaN
    848.00000000    197.93917059             NaN
    849.00000000    198.19542733             NaN
    850.00000000    198.45128313             NaN
    851.00000000    198.70673869             NaN
    852.00000000    198.96179465             NaN
    853.00000000    199.21645170             NaN
    854.00000000    199.47071049             NaN
    855.00000000    199.72457170             NaN
    856.00000000    199.97803598             NaN
    857.00000000    200.23110401             NaN
    858.00000000    200.48377643             NaN
    859.00000000    200.73605391             NaN
    860.00000000    200.98793710             NaN
    861.00000000    201.23942667             NaN
    862.00000000    201.49052327             NaN
    863.00000000    201.74122756             NaN
    864.00000000    201.99154017             NaN
    865.00000000    202.24146178             NaN
    866.00000000    202.49099302             NaN
    867.00000000    202.74013454             NaN
    868.00000000    202.98888700             NaN
    869.00000000    203.23725104             NaN
    870.00000000    203.48522730             NaN
    871.00000000    203.73281643             NaN
    872.00000000    203.98001907             NaN
    873.00000000    204.22683585             NaN
    874.00000000    204.47326743             NaN
    875.00000000    204.71931444             NaN
    876.00000000    204.96497751             NaN
    877.00000000    205.21025728             NaN
    878.00000000    205.45515438             NaN
    879.00000000    205.69966946             NaN
    880.00000000    205.94380313             NaN
    881.00000000    206.18755603             NaN
    882.00000000    206.43092879             NaN
    883.00000000    206.67392204             NaN
    884.00000000    206.91653641             NaN
    885.00000000    207.15877251             NaN
    886.00000000    207.40063098             NaN
    887.00000000    207.64211244             NaN
    888.00000000    207.88321750             NaN
    889.00000000    208.12394680             NaN
    890.00000000    208.36430094             NaN
    891.00000000    208.60428055             NaN
    892.00000000    208.84388624             NaN
    893.00000000    209.08311863             NaN
    894.00000000    209.32197833             NaN
    895.00000000    209.56046596             NaN
    896.00000000    209.79858213             NaN
    897.00000000    210.03632745             NaN
    898.00000000    210.27370253             NaN
    899.00000000    210.51070797             NaN
    900.00000000    210.74734439             NaN
    901.00000000    210.98361238             NaN
    902.00000000    211.21951256             NaN
    903.00000000    211.45504553             NaN
    904.00000000    211.69021189             NaN
    905.00000000    211.92501224             NaN
    906.00000000    212.15944718             NaN
    907.00000000    212.39351731             NaN
    908.00000000    212.62722323             NaN
    909.00000000    212.86056553             NaN
    910.00000000    213.09354481             NaN
    911.00000000    213.32616167             NaN
    912.00000000    213.55841669             NaN
    913.00000000    213.79031047             NaN
    914.00000000    214.02184359             NaN
    915.00000000    214.25301666             NaN
    916.00000000    214.48383025             NaN
    917.00000000    214.71428495             NaN
    918.00000000    214.94438135             NaN
    919.00000000    215.17412004             NaN
    920.00000000    215.40350159             NaN
    921.00000000    215.63252659             NaN
    922.00000000    215.86119563             NaN
    923.00000000    216.08950928             NaN
    924.00000000    216.31746811             NaN
    925.00000000    216.54507272             NaN
    926.00000000    216.77232367             NaN
    927.00000000    216.99922155             NaN
    928.00000000    217.22576692             NaN
    929.00000000    217.45196036             NaN
    930.00000000    217.67780245             NaN
    931.00000000    217.90329374             NaN
    932.00000000    218.12843483             NaN
    933.00000000    218.35322626             NaN
    934.00000000    218.57766862             NaN
    935.00000000    218.80176247             NaN
    936.00000000    219.02550837             NaN
    937.00000000    219.24890689             NaN
    938.00000000    219.47195859             NaN
    939.00000000    219.69466404             NaN
    940.00000000    219.91702380             NaN
    941.00000000    220.13903842             NaN
    942.00000000    220.36070848             NaN
    943.00000000    220.58203451             NaN
    944.00000000    220.80301709             NaN
    945.00000000    221.02365677             NaN
    946.00000000    221.24395411             NaN
    947.00000000    221.46390965             NaN
    948.00000000    221.68352396             NaN
    949.00000000    221.90279758             NaN
    950.00000000    222.12173106             NaN
    951.00000000    222.34032496             NaN
    952.00000000    222.55857982             NaN
    953.00000000    222.77649620             NaN
    954.00000000    222.99407463             NaN
    955.00000000    223.21131567             NaN
    956.00000000    223.42821985             NaN
    957.00000000    223.64478773             NaN
    958.00000000    223.86101985             NaN
    959.00000000    224.07691674             NaN
    960.00000000    224.29247894             NaN
    961.00000000    224.50770701             NaN
    962.00000000    224.72260147             NaN
    963.00000000    224.93716287             NaN
    964.00000000    225.15139173             NaN
    965.00000000    225.36528861             NaN
    966.00000000    225.57885402             NaN
    967.00000000    225.79208850             NaN
    968.00000000    226.00499260             NaN
    969.00000000    226.21756683             NaN
    970.00000000    226.42981173             NaN
    971.00000000    226.64172783             NaN
    972.00000000    226.85331565             NaN
    973.00000000    227.06457573             NaN
    974.00000000    227.27550859             NaN
    975.00000000    227.48611476             NaN
    976.00000000    227.69639477             NaN
    977.00000000    227.90634912             NaN
    978.00000000    228.11597836             NaN
    979.00000000    228.32528299             NaN
    980.00000000    228.53426355             NaN
    981.00000000    228.66287421             NaN
    982.00000000    228.86865126             NaN
    983.00000000    229.12072814             NaN
    984.00000000    229.40058493             NaN
    985.00000000    229.69710966             NaN
    986.00000000    230.00363515             NaN
    987.00000000    230.31616110             NaN
    988.00000000    230.63228733             NaN
    989.00000000    230.95057373             NaN
    990.00000000    231.27015622             NaN
    991.00000000    231.59051637             NaN
    992.00000000    231.91134312             NaN
    993.00000000    232.23244982             NaN
    994.00000000    232.55372450             NaN
    995.00000000    232.87509996             NaN
    996.00000000    233.19653590             NaN
    997.00000000    233.51800811             NaN
    998.00000000    233.83950210             NaN
    999.00000000    234.16100915             NaN
   1000.00000000    234.48252403             NaN
