      2.00000000      0.00743211      0.00743211
      3.00000000      0.01241931      0.01241931
      4.00000000      0.01743269      0.01743269
      5.00000000      0.02247239      0.02247239
      6.00000000      0.02753859      0.02753859
      7.00000000      0.03263146      0.03263146
      8.00000000      0.03775116      0.03775116
      9.00000000      0.04289787      0.04289787
     10.00000000      0.04807177      0.04807177
     11.00000000      0.05327302      0.05327302
     12.00000000      0.05850181      0.05850181
     13.00000000      0.06375831      0.06375831
     14.00000000      0.06904271      0.06904271
     15.00000000      0.07435518      0.07435518
     16.00000000      0.07969592      0.07969592
     17.00000000      0.08506511      0.08506511
     18.00000000      0.09046293      0.09046293
     19.00000000      0.09588957      0.09588957
     20.00000000      0.10134524      0.10134524
     21.00000000      0.10683012      0.10683012
     22.00000000      0.11234441      0.11234441
     23.00000000      0.11788830      0.11788830
     24.00000000      0.12346201      0.12346201
     25.00000000      0.12906572      0.12906572
     26.00000000      0.13469965      0.13469965
     27.00000000      0.14036400      0.14036400
     28.00000000      0.14605898      0.14605898
     29.00000000      0.15178481      0.15178481
     30.00000000      0.15754169      0.15754169
     31.00000000      0.16332984      0.16332984
     32.00000000      0.16914949      0.16914949
     33.00000000      0.17500084      0.17500084
     34.00000000      0.18088414      0.18088414
     35.00000000      0.18679959      0.18679959
     36.00000000      0.19274743      0.19274743
     37.00000000      0.19872789      0.19872789
     38.00000000      0.20474121      0.20474121
     39.00000000      0.21078762      0.21078762
     40.00000000      0.21686735      0.21686735
     41.00000000      0.22298066      0.22298066
     42.00000000      0.22912778      0.22912778
     43.00000000      0.23530897      0.23530897
     44.00000000      0.24152447      0.24152447
     45.00000000      0.24777453      0.24777453
     46.00000000      0.25405942      0.25405942
     47.00000000      0.26037939      0.26037939
     48.00000000      0.26673470      0.26673470
     49.00000000      0.27312563      0.27312563
     50.00000000      0.27955243      0.27955243
     51.00000000      0.28601538      0.28601538
     52.00000000      0.29251476      0.29251476
     53.00000000      0.29905084      0.29905084
     54.00000000      0.30562391      0.30562391
     55.00000000      0.31223425      0.31223425
     56.00000000      0.31888216      0.31888216
     57.00000000      0.32556791      0.32556791
     58.00000000      0.33229182      0.33229182
     59.00000000      0.33905417      0.33905417
     60.00000000      0.34585528      0.34585528
     61.00000000      0.35269546      0.35269546
     62.00000000      0.35957500      0.35957500
     63.00000000      0.36649423      0.36649423
     64.00000000      0.37345348      0.37345348
     65.00000000      0.38045305      0.38045305
     66.00000000      0.38749329      0.38749329
     67.00000000      0.39457451      0.39457451
     68.00000000      0.40169707      0.40169707
     69.00000000      0.40886130      0.40886130
     70.00000000      0.41606754      0.41606754
     71.00000000      0.42331615      0.42331615
     72.00000000      0.43060749      0.43060749
     73.00000000      0.43794190      0.43794190
     74.00000000      0.44531976      0.44531976
     75.00000000      0.45274143      0.45274143
     76.00000000      0.46020729      0.46020729
     77.00000000      0.46771772      0.46771772
     78.00000000      0.47527311      0.47527311
     79.00000000      0.48287384      0.48287384
     80.00000000      0.49052031      0.49052031
     81.00000000      0.49821292      0.49821292
     82.00000000      0.50595208      0.50595208
     83.00000000      0.51373820      0.51373820
     84.00000000      0.52157169      0.52157169
     85.00000000      0.52945299      0.52945299
     86.00000000      0.53738253      0.53738253
     87.00000000      0.54536073      0.54536073
     88.00000000      0.55338804      0.55338804
     89.00000000      0.56146492      0.56146492
     90.00000000      0.56959181      0.56959181
     91.00000000      0.57776918      0.57776918
     92.00000000      0.58599750      0.58599750
     93.00000000      0.59427724      0.59427724
     94.00000000      0.60260889      0.60260889
     95.00000000      0.61099294      0.61099294
     96.00000000      0.61942988      0.61942988
     97.00000000      0.62792022      0.62792022
     98.00000000      0.63646447      0.63646447
     99.00000000      0.64506316      0.64506316
    100.00000000      0.65371681      0.65371681
    101.00000000      0.66242596      0.66242596
    102.00000000      0.67119115      0.67119115
    103.00000000      0.68001293      0.68001293
    104.00000000      0.68889187      0.68889187
    105.00000000      0.69782854      0.69782854
    106.00000000      0.70682351      0.70682351
    107.00000000      0.71587738      0.71587738
    108.00000000      0.72499074      0.72499074
    109.00000000      0.73416420      0.73416420
    110.00000000      0.74339838      0.74339838
    111.00000000      0.75269390      0.75269390
    112.00000000      0.76205140      0.76205140
    113.00000000      0.77147152      0.77147152
    114.00000000      0.78095493      0.78095493
    115.00000000      0.79050229      0.79050229
    116.00000000      0.80011428      0.80011428
    117.00000000      0.80979160      0.80979160
    118.00000000      0.81953494      0.81953494
    119.00000000      0.82934501      0.82934501
    120.00000000      0.83922254      0.83922254
    121.00000000      0.84916828      0.84916828
    122.00000000      0.85918296      0.85918296
    123.00000000      0.86926736      0.86926736
    124.00000000      0.87942224      0.87942224
    125.00000000      0.88964840      0.88964840
    126.00000000      0.89994663      0.89994663
    127.00000000      0.91031776      0.91031776
    128.00000000      0.92076262      0.92076262
    129.00000000      0.93128204      0.93128204
    130.00000000      0.94187689      0.94187689
    131.00000000      0.95254804      0.95254804
    132.00000000      0.96329638      0.96329638
    133.00000000      0.97412282      0.97412282
    134.00000000      0.98502828      0.98502828
    135.00000000      0.99601370      0.99601370
    136.00000000      1.00708003      1.00708003
    137.00000000      1.01822825      1.01822825
    138.00000000      1.02945934      1.02945934
    139.00000000      1.04077431      1.04077431
    140.00000000      1.05217419      1.05217419
    141.00000000      1.06366003      1.06366003
    142.00000000      1.07523288      1.07523288
    143.00000000      1.08689384      1.08689384
    144.00000000      1.09864401      1.09864401
    145.00000000      1.11048451      1.11048451
    146.00000000      1.12241650      1.12241650
    147.00000000      1.13444113      1.13444113
    148.00000000      1.14655960      1.14655960
    149.00000000      1.15877313      1.15877313
    150.00000000      1.17108294      1.17108294
    151.00000000      1.18349031      1.18349031
    152.00000000      1.19599651      1.19599651
    153.00000000      1.20860286      1.20860286
    154.00000000      1.22131069      1.22131069
    155.00000000      1.23412137      1.23412137
    156.00000000      1.24703628      1.24703628
    157.00000000      1.26005684      1.26005684
    158.00000000      1.27318450      1.27318450
    159.00000000      1.28642073      1.28642073
    160.00000000      1.29976703      1.29976703
    161.00000000      1.31322495      1.31322495
    162.00000000      1.32679604      1.32679604
    163.00000000      1.34048191      1.34048191
    164.00000000      1.35428419      1.35428419
    165.00000000      1.36820454      1.36820454
    166.00000000      1.38224466      1.38224466
    167.00000000      1.39640629      1.39640629
    168.00000000      1.41069121      1.41069121
    169.00000000      1.42510121      1.42510121
    170.00000000      1.43963816      1.43963816
    171.00000000      1.45430393      1.45430393
    172.00000000      1.46910047      1.46910047
    173.00000000      1.48402973      1.48402973
    174.00000000      1.49909374      1.49909374
    175.00000000      1.51429455      1.51429455
    176.00000000      1.52963427      1.52963427
    177.00000000      1.54511504      1.54511504
    178.00000000      1.56073907      1.56073907
    179.00000000      1.57650860      1.57650860
    180.00000000      1.59242593      1.59242593
    181.00000000      1.60849341      1.60849341
    182.00000000      1.62471344      1.62471344
    183.00000000      1.64108849      1.64108849
    184.00000000      1.65762107      1.65762107
    185.00000000      1.67431375      1.67431375
    186.00000000      1.69116917      1.69116917
    187.00000000      1.70819003      1.70819003
    188.00000000      1.72537909      1.72537909
    189.00000000      1.74273916      1.74273916
    190.00000000      1.76027316      1.76027316
    191.00000000      1.77798403      1.77798403
    192.00000000      1.79587482      1.79587482
    193.00000000      1.81394863      1.81394863
    194.00000000      1.83220865      1.83220865
    195.00000000      1.85065814      1.85065814
    196.00000000      1.86930045      1.86930045
    197.00000000      1.88813901      1.88813901
    198.00000000      1.90717733      1.90717733
    199.00000000      1.92641902      1.92641902
    200.00000000      1.94586777      1.94586777
    201.00000000      1.96552737      1.96552737
    202.00000000      1.98540172      1.98540172
    203.00000000      2.00549480      2.00549480
    204.00000000      2.02581071      2.02581071
    205.00000000      2.04635365      2.04635365
    206.00000000      2.06712793      2.06712793
    207.00000000      2.08813799      2.08813799
    208.00000000      2.10938837      2.10938837
    209.00000000      2.13088375      2.13088375
    210.00000000      2.15262892      2.15262892
    211.00000000      2.17462882      2.17462882
    212.00000000      2.19688851      2.19688851
    213.00000000      2.21941320      2.21941320
    214.00000000      2.24220825      2.24220825
    215.00000000      2.26527917      2.26527917
    216.00000000      2.28863161      2.28863161
    217.00000000      2.31227141      2.31227141
    218.00000000      2.33620457      2.33620457
    219.00000000      2.36043725      2.36043725
    220.00000000      2.38497579      2.38497579
    221.00000000      2.40982676      2.40982676
    222.00000000      2.43499686      2.43499686
    223.00000000      2.46049305      2.46049305
    224.00000000      2.48632248      2.48632248
    225.00000000      2.51249249      2.51249249
    226.00000000      2.53901070      2.53901070
    227.00000000      2.56588491      2.56588491
    228.00000000      2.59312322      2.59312322
    229.00000000      2.62073394      2.62073394
    230.00000000      2.64872566      2.64872566
    231.00000000      2.67710726      2.67710726
    232.00000000      2.70588789      2.70588789
    233.00000000      2.73507700      2.73507700
    234.00000000      2.76468434      2.76337758
    235.00000000      2.79472003      2.79000436
    236.00000000      2.82519446      2.81492423
    237.00000000      2.85611843      2.83810353
    238.00000000      2.88405660      2.85950792
    239.00000000      2.89493193      2.87910227
    240.00000000      2.90582822      2.89685059
    241.00000000      2.91674554      2.91271588
    242.00000000      2.92768400      2.92666002
    243.00000000      2.93864367      2.93864367
    244.00000000      2.94962466      2.94962466
    245.00000000      2.96062704      2.96062704
    246.00000000      2.97165091      2.97165091
    247.00000000      2.98269636      2.98269636
    248.00000000      2.99376348      2.99376348
    249.00000000      3.00485235      3.00485235
    250.00000000      3.01596307      3.01596307
    251.00000000      3.02709572      3.02709572
    252.00000000      3.03825039      3.03825039
    253.00000000      3.04942718      3.04942718
    254.00000000      3.06062617      3.06062617
    255.00000000      3.07184746      3.07184746
    256.00000000      3.08309112      3.08309112
    257.00000000      3.09435725      3.09435725
    258.00000000      3.10564595      3.10564595
    259.00000000      3.11695729      3.11695729
    260.00000000      3.12829137      3.12829137
    261.00000000      3.13964828      3.13964828
    262.00000000      3.15102811      3.15102811
    263.00000000      3.16243094      3.16243094
    264.00000000      3.17385687      3.17385687
    265.00000000      3.18530599      3.18530599
    266.00000000      3.19677838      3.19677838
    267.00000000      3.20827414      3.20827414
    268.00000000      3.21979335      3.21979335
    269.00000000      3.23133610      3.23133610
    270.00000000      3.24290249      3.24290249
    271.00000000      3.25449260      3.25449260
    272.00000000      3.26610653      3.26610653
    273.00000000      3.27774436      3.27774436
    274.00000000      3.28940618      3.28940618
    275.00000000      3.30109208      3.30109208
    276.00000000      3.31280216      3.31280216
    277.00000000      3.32453650      3.32453650
    278.00000000      3.33629520      3.33629520
    279.00000000      3.34807833      3.34807833
    280.00000000      3.35988601      3.35988601
    281.00000000      3.37171830      3.37171830
    282.00000000      3.38357531      3.38357531
    283.00000000      3.39545712      3.39545712
    284.00000000      3.40736383      3.40736383
    285.00000000      3.41929553      3.41929553
    286.00000000      3.43125230      3.43125230
    287.00000000      3.44323424      3.44323424
    288.00000000      3.45524143      3.45524143
    289.00000000      3.46727398      3.46727398
    290.00000000      3.47933196      3.47933196
    291.00000000      3.49141548      3.49141548
    292.00000000      3.50352462      3.50352462
    293.00000000      3.51565947      3.51565947
    294.00000000      3.52782012      3.52782012
    295.00000000      3.54000667      3.54000667
    296.00000000      3.55221921      3.55221921
    297.00000000      3.56445782      3.56445782
    298.00000000      3.57672261      3.57672261
    299.00000000      3.58901365      3.58901365
    300.00000000      3.60133105      3.60133105
    301.00000000      3.61367490      3.61367490
    302.00000000      3.62604528      3.62604528
    303.00000000      3.63844230      3.63844230
    304.00000000      3.65086603      3.65086603
    305.00000000      3.66331658      3.66331658
    306.00000000      3.67579404      3.67579404
    307.00000000      3.68829850      3.68829850
    308.00000000      3.70083004      3.70083004
    309.00000000      3.71338878      3.71338878
    310.00000000      3.72597479      3.72597479
    311.00000000      3.73858817      3.73858817
    312.00000000      3.75122901      3.75122901
    313.00000000      3.76389741      3.76389741
    314.00000000      3.77659346      3.77659346
    315.00000000      3.78931726      3.78931726
    316.00000000      3.80206889      3.80206889
    317.00000000      3.81484845      3.81484845
    318.00000000      3.82765604      3.82765604
    319.00000000      3.84049174      3.84049174
    320.00000000      3.85335566      3.85335566
    321.00000000      3.86624788      3.86624788
    322.00000000      3.87916851      3.87916851
    323.00000000      3.89211763      3.89211763
    324.00000000      3.90509534      3.90509534
    325.00000000      3.91810174      3.91810174
    326.00000000      3.93113691      3.93113691
    327.00000000      3.94420096      3.94420096
    328.00000000      3.95729398      3.95729398
    329.00000000      3.97041607      3.97041607
    330.00000000      3.98356731      3.98356731
    331.00000000      3.99674782      3.99674782
    332.00000000      4.00995767      4.00995767
    333.00000000      4.02319697      4.02319697
    334.00000000      4.03646581      4.03646581
    335.00000000      4.04976429      4.04976429
    336.00000000      4.06309251      4.06309251
    337.00000000      4.07645056      4.07645056
    338.00000000      4.08983854      4.08983854
    339.00000000      4.10325654      4.10325654
    340.00000000      4.11670467      4.11670467
    341.00000000      4.13018301      4.13018301
    342.00000000      4.14369167      4.14369167
    343.00000000      4.15723074      4.15723074
    344.00000000      4.17080033      4.17080033
    345.00000000      4.18440052      4.18440052
    346.00000000      4.19803142      4.19803142
    347.00000000      4.21169312      4.21169312
    348.00000000      4.22538573      4.22538573
    349.00000000      4.23910934      4.23910934
    350.00000000      4.25286404      4.25286404
    351.00000000      4.26664995      4.26664995
    352.00000000      4.28046715      4.28046715
    353.00000000      4.29431574      4.29431574
    354.00000000      4.30819583      4.30819583
    355.00000000      4.32210751      4.32210751
    356.00000000      4.33605089      4.33605089
    357.00000000      4.35002605      4.35002605
    358.00000000      4.36403312      4.36403312
    359.00000000      4.37807217      4.37807217
    360.00000000      4.39214331      4.39214331
    361.00000000      4.40624665      4.40624665
    362.00000000      4.42038228      4.42038228
    363.00000000      4.43455031      4.43455031
    364.00000000      4.44875083      4.44875083
    365.00000000      4.46298394      4.46298394
    366.00000000      4.47724975      4.47724975
    367.00000000      4.49154836      4.49154836
    368.00000000      4.50587987      4.50587987
    369.00000000      4.52024438      4.52024438
    370.00000000      4.53464200      4.53464200
    371.00000000      4.54907282      4.54907282
    372.00000000      4.56353695      4.56353695
    373.00000000      4.57803449      4.57803449
    374.00000000      4.59256554      4.59256554
    375.00000000      4.60713020      4.60713020
    376.00000000      4.62172859      4.62172859
    377.00000000      4.63636080      4.63636080
    378.00000000      4.65102693      4.65102693
    379.00000000      4.66572710      4.66572710
    380.00000000      4.68046139      4.68046139
    381.00000000      4.69522993      4.69522993
    382.00000000      4.71003280      4.71003280
    383.00000000      4.72487013      4.72487013
    384.00000000      4.73974200      4.73974200
    385.00000000      4.75464852      4.75464852
    386.00000000      4.76958981      4.76958981
    387.00000000      4.78456597      4.78456597
    388.00000000      4.79957709      4.79957709
    389.00000000      4.81462329      4.81462329
    390.00000000      4.82970468      4.82970468
    391.00000000      4.84482135      4.84482135
    392.00000000      4.85997342      4.85997342
    393.00000000      4.87516099      4.87516099
    394.00000000      4.89038417      4.89038417
    395.00000000      4.90564306      4.90564306
    396.00000000      4.92093778      4.92093778
    397.00000000      4.93626842      4.93626842
    398.00000000      4.95163510      4.95163510
    399.00000000      4.96703793      4.96703793
    400.00000000      4.98247701      4.98247701
    401.00000000      4.99795245      4.99795245
    402.00000000      5.01346437      5.01346437
    403.00000000      5.02901286      5.02901286
    404.00000000      5.04459803      5.04459803
    405.00000000      5.06022001      5.06022001
    406.00000000      5.07587889      5.07587889
    407.00000000      5.09157478      5.09157478
    408.00000000      5.10730780      5.10730780
    409.00000000      5.12307806      5.12307806
    410.00000000      5.13888566      5.13888566
    411.00000000      5.15473072      5.15473072
    412.00000000      5.17061334      5.17061334
    413.00000000      5.18653364      5.18653364
    414.00000000      5.20249173      5.20249173
    415.00000000      5.21848772      5.21848772
    416.00000000      5.23452172      5.23452172
    417.00000000      5.25059384      5.25059384
    418.00000000      5.26670420      5.26670420
    419.00000000      5.28285291      5.28285291
    420.00000000      5.29904008      5.29904008
    421.00000000      5.31526582      5.31526582
    422.00000000      5.33153025      5.33153025
    423.00000000      5.34783347      5.34783347
    424.00000000      5.36417561      5.36417561
    425.00000000      5.38055678      5.38055678
    426.00000000      5.39697709      5.39697709
    427.00000000      5.41343665      5.41343665
    428.00000000      5.42993558      5.42993558
    429.00000000      5.44647400      5.44647400
    430.00000000      5.46305202      5.46305202
    431.00000000      5.47966975      5.47966975
    432.00000000      5.49632731      5.49632731
    433.00000000      5.51302482      5.51302482
    434.00000000      5.52976238      5.52976238
    435.00000000      5.54654013      5.54654013
    436.00000000      5.56335817      5.56335817
    437.00000000      5.58021663      5.58021663
    438.00000000      5.59711561      5.59711561
    439.00000000      5.61405524      5.61405524
    440.00000000      5.63103563      5.63103563
    441.00000000      5.64805690      5.64805690
    442.00000000      5.66511917      5.66511917
    443.00000000      5.68222256      5.68222256
    444.00000000      5.69936718      5.69936718
    445.00000000      5.71655316      5.71655316
    446.00000000      5.73378061      5.73378061
    447.00000000      5.75104966      5.75104966
    448.00000000      5.76836042      5.76836042
    449.00000000      5.78571301      5.78571301
    450.00000000      5.80310755      5.80310755
    451.00000000      5.82054417      5.82054417
    452.00000000      5.83802298      5.83802298
    453.00000000      5.85554411      5.85554411
    454.00000000      5.87310767      5.87310767
    455.00000000      5.89071380      5.89071380
    456.00000000      5.90836260      5.90836260
    457.00000000      5.92605420      5.92605420
    458.00000000      5.94378872      5.94378872
    459.00000000      5.96156630      5.96156630
    460.00000000      5.97938704      5.97938704
    461.00000000      5.99725107      5.99725107
    462.00000000      6.01515853      6.01515853
    463.00000000      6.03310952      6.03310952
    464.00000000      6.05110417      6.05110417
    465.00000000      6.06914261      6.06914261
    466.00000000      6.08722497      6.08722497
    467.00000000      6.10535136      6.10535136
    468.00000000      6.12352192      6.12352192
    469.00000000      6.14173676      6.14173676
    470.00000000      6.15999602      6.15999602
    471.00000000      6.17829981      6.17829981
    472.00000000      6.19664828      6.19664828
    473.00000000      6.21504153      6.21504153
    474.00000000      6.23347971      6.23347971
    475.00000000      6.25196293      6.25196293
    476.00000000      6.27049132      6.27049132
    477.00000000      6.28906502      6.28906502
    478.00000000      6.30768415      6.30768415
    479.00000000      6.32634883      6.32634883
    480.00000000      6.34505921      6.34505921
    481.00000000      6.36375516      6.36375516
    482.00000000      6.38243688      6.38243688
    483.00000000      6.40110457      6.40110457
    484.00000000      6.41975841      6.41975841
    485.00000000      6.43839859      6.43839859
    486.00000000      6.45702530      6.45702530
    487.00000000      6.47563871      6.47563871
    488.00000000      6.49423901      6.49423901
    489.00000000      6.51282639      6.51282639
    490.00000000      6.53140101      6.53140101
    491.00000000      6.54996306      6.54996306
    492.00000000      6.56851271      6.56851271
    493.00000000      6.58705012      6.58705012
    494.00000000      6.60557548      6.60557548
    495.00000000      6.62408894      6.62408894
    496.00000000      6.64259069      6.64259069
    497.00000000      6.66108088      6.66108088
    498.00000000      6.67955967      6.67955967
    499.00000000      6.69802723      6.69802723
    500.00000000      6.71648373      6.71648373
