      1.00000000      0.00000000      0.00000000
      2.00000000      0.00775000      0.00775000
      3.00000000      0.01564000      0.01564000
      4.00000000      0.02366000      0.02366000
      5.00000000      0.03182000      0.03182000
      6.00000000      0.04013000      0.04013000
      7.00000000      0.04857000      0.04857000
      8.00000000      0.05716000      0.05716000
      9.00000000      0.06591000      0.06591000
     10.00000000      0.07480000      0.07480000
     11.00000000      0.08384000      0.08384000
     12.00000000      0.09304000      0.09304000
     13.00000000      0.10240000      0.10240000
     14.00000000      0.11193000      0.11193000
     15.00000000      0.12161000      0.12161000
     16.00000000      0.13147000      0.13147000
     17.00000000      0.14149000      0.14149000
     18.00000000      0.15169000      0.15169000
     19.00000000      0.16207000      0.16207000
     20.00000000      0.17262000      0.17262000
     21.00000000      0.18336000      0.18336000
     22.00000000      0.19428000      0.19428000
     23.00000000      0.20539000      0.20539000
     24.00000000      0.21669000      0.21669000
     25.00000000      0.22818000      0.22818000
     26.00000000      0.23988000      0.23988000
     27.00000000      0.25177000      0.25177000
     28.00000000      0.26388000      0.26388000
     29.00000000      0.27618000      0.27618000
     30.00000000      0.28871000      0.28871000
     31.00000000      0.30144000      0.30144000
     32.00000000      0.31440000      0.31440000
     33.00000000      0.32758000      0.32758000
     34.00000000      0.34099000      0.34099000
     35.00000000      0.35462000      0.35462000
     36.00000000      0.36849000      0.36849000
     37.00000000      0.38260000      0.38260000
     38.00000000      0.39695000      0.39695000
     39.00000000      0.41155000      0.41155000
     40.00000000      0.42639000      0.42639000
     41.00000000      0.44149000      0.44149000
     42.00000000      0.45685000      0.45685000
     43.00000000      0.47247000      0.47247000
     44.00000000      0.48835000      0.48835000
     45.00000000      0.50451000      0.50451000
     46.00000000      0.52094000      0.52094000
     47.00000000      0.53765000      0.53765000
     48.00000000      0.55464000      0.55464000
     49.00000000      0.57192000      0.57192000
     50.00000000      0.58950000      0.58950000
     51.00000000      0.60737000      0.60737000
     52.00000000      0.62554000      0.62554000
     53.00000000      0.64402000      0.64402000
     54.00000000      0.66280000      0.66280000
     55.00000000      0.68191000      0.68191000
     56.00000000      0.70133000      0.70133000
     57.00000000      0.72108000      0.72108000
     58.00000000      0.74115000      0.74115000
     59.00000000      0.76156000      0.76156000
     60.00000000      0.78231000      0.78231000
     61.00000000      0.80340000      0.80340000
     62.00000000      0.82484000      0.82484000
     63.00000000      0.84663000      0.84663000
     64.00000000      0.86878000      0.86878000
     65.00000000      0.89129000      0.89129000
     66.00000000      0.91417000      0.91417000
     67.00000000      0.93742000      0.93742000
     68.00000000      0.96105000      0.96105000
     69.00000000      0.98506000      0.98506000
     70.00000000      1.00946000      1.00946000
     71.00000000      1.03424000      1.03424000
     72.00000000      1.05942000      1.05942000
     73.00000000      1.08501000      1.08501000
     74.00000000      1.11099000      1.11099000
     75.00000000      1.13739000      1.13739000
     76.00000000      1.16420000      1.16420000
     77.00000000      1.19143000      1.19143000
     78.00000000      1.21909000      1.21909000
     79.00000000      1.24717000      1.24717000
     80.00000000      1.27568000      1.27568000
     81.00000000      1.30463000      1.30463000
     82.00000000      1.33403000      1.33403000
     83.00000000      1.36386000      1.36386000
     84.00000000      1.39415000      1.39415000
     85.00000000      1.42489000      1.42489000
     86.00000000      1.45609000      1.45609000
     87.00000000      1.48776000      1.48776000
     88.00000000      1.51988000      1.51988000
     89.00000000      1.55248000      1.55248000
     90.00000000      1.58556000      1.58556000
     91.00000000      1.61911000      1.61911000
     92.00000000      1.65314000      1.65314000
     93.00000000      1.68767000      1.68767000
     94.00000000      1.72268000      1.72268000
     95.00000000      1.75819000      1.75819000
     96.00000000      1.79419000      1.79419000
     97.00000000      1.83070000      1.83070000
     98.00000000      1.86772000      1.86772000
     99.00000000      1.90524000      1.90524000
    100.00000000      1.94329000      1.94329000
    101.00000000      1.98185000      1.98185000
    102.00000000      2.02094000      2.02094000
    103.00000000      2.06055000      2.06055000
    104.00000000      2.10070000      2.10070000
    105.00000000      2.14139000      2.14139000
    106.00000000      2.18262000      2.18262000
    107.00000000      2.22441000      2.22441000
    108.00000000      2.26675000      2.26675000
    109.00000000      2.30965000      2.30965000
    110.00000000      2.35313000      2.35313000
    111.00000000      2.39718000      2.39718000
    112.00000000      2.44181000      2.44181000
    113.00000000      2.48704000      2.48704000
    114.00000000      2.53287000      2.53287000
    115.00000000      2.57931000      2.57931000
    116.00000000      2.62638000      2.62638000
    117.00000000      2.67408000      2.67408000
    118.00000000      2.72243000      2.72243000
    119.00000000      2.77144000      2.77144000
    120.00000000      2.82112000      2.82112000
    121.00000000      2.87150000      2.87150000
    122.00000000      2.92258000      2.92258000
    123.00000000      2.97439000      2.97439000
    124.00000000      3.02695000      3.02695000
    125.00000000      3.08028000      3.08028000
    126.00000000      3.13441000      3.13441000
    127.00000000      3.18935000      3.18935000
    128.00000000      3.24515000      3.24515000
    129.00000000      3.30182000      3.30182000
    130.00000000      3.35941000      3.35941000
    131.00000000      3.41795000      3.41795000
    132.00000000      3.47748000      3.47748000
    133.00000000      3.53805000      3.53805000
    134.00000000      3.59969000      3.59969000
    135.00000000      3.66247000      3.66247000
    136.00000000      3.72644000      3.72644000
    137.00000000      3.79166000      3.79166000
    138.00000000      3.85820000      3.85820000
    139.00000000      3.92613000      3.92613000
    140.00000000      3.99552000      3.99552000
    141.00000000      4.06648000      4.06648000
    142.00000000      4.13908000      4.13908000
    143.00000000      4.21344000      4.21344000
    144.00000000      4.28968000      4.28646443
    145.00000000      4.36791000      4.35763704
    146.00000000      4.44828000      4.42688470
    147.00000000      4.53094000      4.49413663
    148.00000000      4.58526000      4.55932394
    149.00000000      4.63924000      4.62237928
    150.00000000      4.69288000      4.68323648
    151.00000000      4.74621000      4.74183017
    152.00000000      4.79923665      4.79809553
    153.00000000      4.85196792      4.85196792
    154.00000000      4.90441784      4.90441784
    155.00000000      4.95659739      4.95659739
    156.00000000      5.00851705      5.00851705
    157.00000000      5.06018688      5.06018688
    158.00000000      5.11161647      5.11161647
    159.00000000      5.16281506      5.16281506
    160.00000000      5.21379147      5.21379147
    161.00000000      5.26455420      5.26455420
    162.00000000      5.31511141      5.31511141
    163.00000000      5.36547093      5.36547093
    164.00000000      5.41564030      5.41564030
    165.00000000      5.46562679      5.46562679
    166.00000000      5.51543741      5.51543741
    167.00000000      5.56507889      5.56507889
    168.00000000      5.61455774      5.61455774
    169.00000000      5.66388026      5.66388026
    170.00000000      5.71305250      5.71305250
    171.00000000      5.76208033      5.76208033
    172.00000000      5.81096943      5.81096943
    173.00000000      5.85972528      5.85972528
    174.00000000      5.90835320      5.90835320
    175.00000000      5.95685833      5.95685833
    176.00000000      6.00524567      6.00524567
    177.00000000      6.05352005      6.05352005
    178.00000000      6.10168616      6.10168616
    179.00000000      6.14974856      6.14974856
    180.00000000      6.19771168      6.19771168
    181.00000000      6.24557982      6.24557982
    182.00000000      6.29335715      6.29335715
    183.00000000      6.34104774      6.34104774
    184.00000000      6.38865554      6.38865554
    185.00000000      6.43618441      6.43618441
    186.00000000      6.48363809      6.48363809
    187.00000000      6.53102024      6.53102024
    188.00000000      6.57833441      6.57833441
    189.00000000      6.62558409      6.62558409
    190.00000000      6.67277266      6.67277266
    191.00000000      6.71990342      6.71990342
    192.00000000      6.76697960      6.76697960
    193.00000000      6.81400437      6.81400437
    194.00000000      6.86098079      6.86098079
    195.00000000      6.90791188      6.90791188
    196.00000000      6.95480058      6.95480058
    197.00000000      7.00164979      7.00164979
    198.00000000      7.04846230      7.04846230
    199.00000000      7.09524090      7.09524090
    200.00000000      7.14198827      7.14198827
    201.00000000      7.18870708      7.18870708
    202.00000000      7.23539991      7.23539991
    203.00000000      7.28206931      7.28206931
    204.00000000      7.32871778      7.32871778
    205.00000000      7.37534776      7.37534776
    206.00000000      7.42196165      7.42196165
    207.00000000      7.46856183      7.46856183
    208.00000000      7.51515060      7.51515060
    209.00000000      7.56173024      7.56173024
    210.00000000      7.60830298      7.60830298
    211.00000000      7.65487103      7.65487103
    212.00000000      7.70143655      7.70143655
    213.00000000      7.74800165      7.74800165
    214.00000000      7.79456845      7.79456845
    215.00000000      7.84113899      7.84113899
    216.00000000      7.88771530      7.88771530
    217.00000000      7.93429938      7.93429938
    218.00000000      7.98089319      7.98089319
    219.00000000      8.02749867      8.02749867
    220.00000000      8.07411774      8.07411774
    221.00000000      8.12075228      8.12075228
    222.00000000      8.16740414      8.16740414
    223.00000000      8.21407515      8.21407515
    224.00000000      8.26076713      8.26076713
    225.00000000      8.30748185      8.30748185
    226.00000000      8.35422109      8.35422109
    227.00000000      8.40098658      8.40098658
    228.00000000      8.44778003      8.44778003
    229.00000000      8.49460315      8.49460315
    230.00000000      8.54145762      8.54145762
    231.00000000      8.58834509      8.58834509
    232.00000000      8.63526720      8.63526720
    233.00000000      8.68222559      8.68222559
    234.00000000      8.72922184      8.72922184
    235.00000000      8.77625756      8.77625756
    236.00000000      8.82333431      8.82333431
    237.00000000      8.87045365      8.87045365
    238.00000000      8.91761713      8.91761713
    239.00000000      8.96482626      8.96482626
    240.00000000      9.01208257      9.01208257
    241.00000000      9.05938755      9.05938755
    242.00000000      9.10674268      9.10674268
    243.00000000      9.15414944      9.15414944
    244.00000000      9.20160930      9.20160930
    245.00000000      9.24912369      9.24912369
    246.00000000      9.29669406      9.29669406
    247.00000000      9.34432183      9.34432183
    248.00000000      9.39200842      9.39200842
    249.00000000      9.43975523      9.43975523
    250.00000000      9.48756365      9.48756365
    251.00000000      9.53543508      9.53543508
    252.00000000      9.58337089      9.58337089
    253.00000000      9.63137243      9.63137243
    254.00000000      9.67944109      9.67944109
    255.00000000      9.72757819      9.72757819
    256.00000000      9.77578508      9.77578508
    257.00000000      9.82406310      9.82406310
    258.00000000      9.87241357      9.87241357
    259.00000000      9.92083782      9.92083782
    260.00000000      9.96933715      9.96933715
    261.00000000     10.01791286     10.01791286
    262.00000000     10.06656627     10.06656627
    263.00000000     10.11529865     10.11529865
    264.00000000     10.16411131     10.16411131
    265.00000000     10.21300551     10.21300551
    266.00000000     10.26198253     10.26198253
    267.00000000     10.31104365     10.31104365
    268.00000000     10.36019014     10.36019014
    269.00000000     10.40942324     10.40942324
    270.00000000     10.45874422     10.45874422
    271.00000000     10.50815433     10.50815433
    272.00000000     10.55765481     10.55765481
    273.00000000     10.60724692     10.60724692
    274.00000000     10.65693189     10.65693189
    275.00000000     10.70671096     10.70671096
    276.00000000     10.75658536     10.75658536
    277.00000000     10.80655632     10.80655632
    278.00000000     10.85662507     10.85662507
    279.00000000     10.90679283     10.90679283
    280.00000000     10.95706082     10.95706082
    281.00000000     11.00743027     11.00743027
    282.00000000     11.05790239     11.05790239
    283.00000000     11.10847839     11.10847839
    284.00000000     11.15915949     11.15915949
    285.00000000     11.20994690     11.20994690
    286.00000000     11.26084183     11.26084183
    287.00000000     11.31184548     11.31184548
    288.00000000     11.36295906     11.36295906
    289.00000000     11.41418378     11.41418378
    290.00000000     11.46552084     11.46552084
    291.00000000     11.51697144     11.51697144
    292.00000000     11.56853679     11.56853679
    293.00000000     11.62021808     11.62021808
    294.00000000     11.67201652     11.67201652
    295.00000000     11.72393331     11.72393331
    296.00000000     11.77596965     11.77596965
    297.00000000     11.82812673     11.82812673
    298.00000000     11.88040576     11.88040576
    299.00000000     11.93280794     11.93280794
    300.00000000     11.98533447     11.98533447
    301.00000000     12.03798654     12.03798654
    302.00000000     12.09076536     12.09076536
    303.00000000     12.14367213     12.14367213
    304.00000000     12.19670805     12.19670805
    305.00000000     12.24987433     12.24987433
    306.00000000     12.30317216     12.30317216
    307.00000000     12.35660276     12.35660276
    308.00000000     12.41016732     12.41016732
    309.00000000     12.46386706     12.46386706
    310.00000000     12.51770318     12.51770318
    311.00000000     12.57167689     12.57167689
    312.00000000     12.62578941     12.62578941
    313.00000000     12.68004194     12.68004194
    314.00000000     12.73443570     12.73443570
    315.00000000     12.78897190     12.78897190
    316.00000000     12.84365176     12.84365176
    317.00000000     12.89847651     12.89847651
    318.00000000     12.95344736     12.95344736
    319.00000000     13.00856554     13.00856554
    320.00000000     13.06383227     13.06383227
    321.00000000     13.11924879     13.11924879
    322.00000000     13.17481631     13.17481631
    323.00000000     13.23053608     13.23053608
    324.00000000     13.28640934     13.28640934
    325.00000000     13.34243731     13.34243731
    326.00000000     13.39862125     13.39862125
    327.00000000     13.45496239     13.45496239
    328.00000000     13.51146199     13.51146199
    329.00000000     13.56812128     13.56812128
    330.00000000     13.62494154     13.62494154
    331.00000000     13.68192400     13.68192400
    332.00000000     13.73906994     13.73906994
    333.00000000     13.79638061     13.79638061
    334.00000000     13.85385728     13.85385728
    335.00000000     13.91150123     13.91150123
    336.00000000     13.96931371     13.96931371
    337.00000000     14.02729602     14.02729602
    338.00000000     14.08544943     14.08544943
    339.00000000     14.14377522     14.14377522
    340.00000000     14.20227469     14.20227469
    341.00000000     14.26094912     14.26094912
    342.00000000     14.31979982     14.31979982
    343.00000000     14.37882808     14.37882808
    344.00000000     14.43803520     14.43803520
    345.00000000     14.49742251     14.49742251
    346.00000000     14.55699130     14.55699130
    347.00000000     14.61674290     14.61674290
    348.00000000     14.67667862     14.67667862
    349.00000000     14.73680041     14.73680041
    350.00000000     14.79719345     14.79719345
    351.00000000     14.85790302     14.85790302
    352.00000000     14.91893079     14.91893079
    353.00000000     14.98027841     14.98027841
    354.00000000     15.04194756     15.04194756
    355.00000000     15.10393994     15.10393994
    356.00000000     15.16625722     15.16625722
    357.00000000     15.22890113     15.22890113
    358.00000000     15.29187336     15.29187336
    359.00000000     15.35517564     15.35517564
    360.00000000     15.41880970     15.41880970
    361.00000000     15.48277728     15.48277728
    362.00000000     15.54708012     15.54708012
    363.00000000     15.61171999     15.61171999
    364.00000000     15.67669864     15.67669864
    365.00000000     15.74201786     15.74201786
    366.00000000     15.80767943     15.80767943
    367.00000000     15.87368515     15.87368515
    368.00000000     15.94003681     15.94003681
    369.00000000     16.00673624     16.00673624
    370.00000000     16.07378524     16.07378524
    371.00000000     16.14118567     16.14118567
    372.00000000     16.20893935     16.20893935
    373.00000000     16.27704814     16.27704814
    374.00000000     16.34551390     16.34551390
    375.00000000     16.41433851     16.41433851
    376.00000000     16.48352383     16.48352383
    377.00000000     16.55307177     16.55307177
    378.00000000     16.62298423     16.62298423
    379.00000000     16.69326310     16.69326310
    380.00000000     16.76391032     16.76391032
    381.00000000     16.83492782     16.83492782
    382.00000000     16.90631753     16.90631753
    383.00000000     16.97808141     16.97808141
    384.00000000     17.05022141     17.05022141
    385.00000000     17.12273952     17.12273952
    386.00000000     17.19563770     17.19563770
    387.00000000     17.26891796     17.26891796
    388.00000000     17.34258230     17.34258230
    389.00000000     17.41663272     17.41663272
    390.00000000     17.49107125     17.49107125
    391.00000000     17.56589993     17.56589993
    392.00000000     17.64112080     17.64112080
    393.00000000     17.71673592     17.71673592
    394.00000000     17.79274735     17.79274735
    395.00000000     17.86915716     17.86915716
    396.00000000     17.94596746     17.94596746
    397.00000000     18.02318033     18.02318033
    398.00000000     18.10079789     18.10079789
    399.00000000     18.17882226     18.17882226
    400.00000000     18.25725557     18.25725557
    401.00000000     18.33609996     18.33609996
    402.00000000     18.41535759     18.41535759
    403.00000000     18.49503062     18.49503062
    404.00000000     18.57512124     18.57512124
    405.00000000     18.65563162     18.65563162
    406.00000000     18.73656398     18.73656398
    407.00000000     18.81792051     18.81792051
    408.00000000     18.89970345     18.89970345
    409.00000000     18.98191503     18.98191503
    410.00000000     19.06455749     19.06455749
    411.00000000     19.14763310     19.14763310
    412.00000000     19.23114412     19.23114412
    413.00000000     19.31509284     19.31509284
    414.00000000     19.39948155     19.39948155
    415.00000000     19.48431256     19.48431256
    416.00000000     19.56958818     19.56958818
    417.00000000     19.65531075     19.65531075
    418.00000000     19.74148260     19.74148260
    419.00000000     19.82810610     19.82810610
    420.00000000     19.91518360     19.91518360
    421.00000000     20.00271750     20.00271750
    422.00000000     20.09071018     20.09071018
    423.00000000     20.17916404     20.17916404
    424.00000000     20.26808150     20.26808150
    425.00000000     20.35746500     20.35746500
    426.00000000     20.44731697     20.44731698
    427.00000000     20.53763988     20.53763988
    428.00000000     20.62843618     20.62843618
    429.00000000     20.71970836     20.71970836
    430.00000000     20.81145892     20.81145892
    431.00000000     20.90369036     20.90369036
    432.00000000     20.99640520     20.99640520
    433.00000000     21.08960597     21.08960597
    434.00000000     21.18329523     21.18329523
    435.00000000     21.27747553     21.27747553
    436.00000000     21.37214945     21.37214945
    437.00000000     21.46731957     21.46731957
    438.00000000     21.56298849     21.56298849
    439.00000000     21.65915884     21.65915884
    440.00000000     21.75583322     21.75583322
    441.00000000     21.85301430     21.85301430
    442.00000000     21.95070472     21.95070472
    443.00000000     22.04890716     22.04890716
    444.00000000     22.14762429     22.14762429
    445.00000000     22.24685881     22.24685881
    446.00000000     22.34661344     22.34661344
    447.00000000     22.44689091     22.44689091
    448.00000000     22.54769394     22.54769394
    449.00000000     22.64902531     22.64902531
    450.00000000     22.75088777     22.75088777
    451.00000000     22.85328411     22.85328411
    452.00000000     22.95621712     22.95621712
    453.00000000     23.05968963     23.05968963
    454.00000000     23.16370446     23.16370446
    455.00000000     23.26826445     23.26826445
    456.00000000     23.37337245     23.37337245
    457.00000000     23.47903135     23.47903135
    458.00000000     23.58524402     23.58524402
    459.00000000     23.69201337     23.69201337
    460.00000000     23.79934232     23.79934232
    461.00000000     23.90723381     23.90723381
    462.00000000     24.01569077     24.01569077
    463.00000000     24.12471617     24.12471617
    464.00000000     24.23431300     24.23431300
    465.00000000     24.34448424     24.34448424
    466.00000000     24.45523291     24.45523291
    467.00000000     24.56656203     24.56656203
    468.00000000     24.67847465     24.67847465
    469.00000000     24.79097383     24.79097383
    470.00000000     24.90406263     24.90406263
    471.00000000     25.01774415     25.01774415
    472.00000000     25.13202150     25.13202150
    473.00000000     25.24689780     25.24689780
    474.00000000     25.36237618     25.36237618
    475.00000000     25.47845981     25.47845981
    476.00000000     25.59515186     25.59515185
    477.00000000     25.71245550     25.71245550
    478.00000000     25.83037396     25.83037396
    479.00000000     25.94891045     25.94891045
    480.00000000     26.06806821     26.06806821
    481.00000000     26.18785050     26.18785050
    482.00000000     26.30826059     26.30826059
    483.00000000     26.42930177     26.42930177
    484.00000000     26.55097735     26.55097735
    485.00000000     26.67329066     26.67329066
    486.00000000     26.79624503     26.79624503
    487.00000000     26.91984382     26.91984382
    488.00000000     27.04409042     27.04409042
    489.00000000     27.16898822     27.16898822
    490.00000000     27.29186453     27.29186453
    491.00000000     27.41453084     27.41453084
    492.00000000     27.53698762     27.53698762
    493.00000000     27.65923531     27.65923531
    494.00000000     27.78127437     27.78127437
    495.00000000     27.90310524     27.90310524
    496.00000000     28.02472837     28.02472837
    497.00000000     28.14614419     28.14614419
    498.00000000     28.26735317     28.26735317
    499.00000000     28.38835573     28.38835573
    500.00000000     28.50915231     28.50915231
    501.00000000     28.62974337     28.62974337
    502.00000000     28.75012933     28.75012933
    503.00000000     28.87031063     28.87031063
    504.00000000     28.99028770     28.99028770
    505.00000000     29.11006099     29.11006099
    506.00000000     29.22963091     29.22963091
    507.00000000     29.34899791     29.34899791
    508.00000000     29.46816241     29.46816241
    509.00000000     29.58712484     29.58712484
    510.00000000     29.70588563     29.70588563
    511.00000000     29.82444520     29.82444520
    512.00000000     29.94280398     29.94280398
    513.00000000     30.06096238     30.06096238
    514.00000000     30.17892084     30.17892084
    515.00000000     30.29667977     30.29667977
    516.00000000     30.41423959     30.41423959
    517.00000000     30.53160071     30.53160071
    518.00000000     30.64876356     30.64876356
    519.00000000     30.76572855     30.76572855
    520.00000000     30.88249609     30.88249609
    521.00000000     30.99906660     30.99906660
    522.00000000     31.11544048     31.11544048
    523.00000000     31.23161815     31.23161815
    524.00000000     31.34760001     31.34760001
    525.00000000     31.46338648     31.46338648
    526.00000000     31.57897795     31.57897795
    527.00000000     31.69437484     31.69437484
    528.00000000     31.80957754     31.80957754
    529.00000000     31.92458647     31.92458647
    530.00000000     32.03940201     32.03940201
    531.00000000     32.15402457     32.15402457
    532.00000000     32.26845456     32.26845456
    533.00000000     32.38269236     32.38269236
    534.00000000     32.49673837     32.49673837
    535.00000000     32.61059300     32.61059300
    536.00000000     32.72425662     32.72425662
    537.00000000     32.83772964     32.83772964
    538.00000000     32.95101245     32.95101245
    539.00000000     33.06410543     33.06410543
    540.00000000     33.17700899     33.17700899
    541.00000000     33.28972349     33.28972349
    542.00000000     33.40224934     33.40224934
    543.00000000     33.51458691     33.51458691
    544.00000000     33.62673660     33.62673660
    545.00000000     33.73869878     33.73869878
    546.00000000     33.85047384     33.85047384
    547.00000000     33.96206215     33.96206215
    548.00000000     34.07346411     34.07346411
    549.00000000     34.18468008     34.18468008
    550.00000000     34.29571045     34.29571045
    551.00000000     34.40655559     34.40655559
    552.00000000     34.51721588     34.51721588
    553.00000000     34.62769169     34.62769169
    554.00000000     34.73798340     34.73798340
    555.00000000     34.84809137     34.84809137
    556.00000000     34.95801598     34.95801598
    557.00000000     35.06775760     35.06775760
    558.00000000     35.17731660     35.17731660
    559.00000000     35.28669334     35.28669334
    560.00000000     35.39588820     35.39588820
    561.00000000     35.50490153     35.50490153
    562.00000000     35.61373371     35.61373371
    563.00000000     35.72238509     35.72238509
    564.00000000     35.83085605     35.83085605
    565.00000000     35.93914693     35.93914693
    566.00000000     36.04725810     36.04725810
    567.00000000     36.15518993     36.15518993
    568.00000000     36.26294276     36.26294276
    569.00000000     36.37051696     36.37051696
    570.00000000     36.47791288     36.47791288
    571.00000000     36.58513087     36.58513087
    572.00000000     36.69217130     36.69217130
    573.00000000     36.79903452     36.79903452
    574.00000000     36.90572087     36.90572087
    575.00000000     37.01223071     37.01223071
    576.00000000     37.11856438     37.11856438
    577.00000000     37.22472225     37.22472225
    578.00000000     37.33070465     37.33070465
    579.00000000     37.43651193     37.43651193
    580.00000000     37.54214445     37.54214445
    581.00000000     37.64760253     37.64760253
    582.00000000     37.75288654     37.75288654
    583.00000000     37.85799681     37.85799681
    584.00000000     37.96293368     37.96293368
    585.00000000     38.06769750     38.06769750
    586.00000000     38.17228860     38.17228860
    587.00000000     38.27670733     38.27670733
    588.00000000     38.38095402     38.38095402
    589.00000000     38.48502902     38.48502902
    590.00000000     38.58893265     38.58893265
    591.00000000     38.69266525     38.69266525
    592.00000000     38.79622716     38.79622716
    593.00000000     38.89961872     38.89961872
    594.00000000     39.00284025     39.00284024
    595.00000000     39.10589208     39.10589208
    596.00000000     39.20877455     39.20877455
    597.00000000     39.31148799     39.31148799
    598.00000000     39.41403273     39.41403273
    599.00000000     39.51640908     39.51640908
    600.00000000     39.61861740     39.61861740
    601.00000000     39.72065798     39.72065798
    602.00000000     39.82253118     39.82253118
    603.00000000     39.92423730     39.92423730
    604.00000000     40.02577667     40.02577667
    605.00000000     40.12714962     40.12714962
    606.00000000     40.22835646     40.22835646
    607.00000000     40.32939752     40.32939752
    608.00000000     40.43027312     40.43027312
    609.00000000     40.53098357     40.53098357
    610.00000000     40.63152920     40.63152920
    611.00000000     40.73191032     40.73191032
    612.00000000     40.83212725     40.83212725
    613.00000000     40.93218031     40.93218031
    614.00000000     41.03206981     41.03206981
    615.00000000     41.13179606     41.13179606
    616.00000000     41.23135937     41.23135937
    617.00000000     41.33076007     41.33076007
    618.00000000     41.42999845     41.42999845
    619.00000000     41.52907484     41.52907484
    620.00000000     41.62798954     41.62798954
    621.00000000     41.72674286     41.72674286
    622.00000000     41.82533511     41.82533511
    623.00000000     41.92376659     41.92376659
    624.00000000     42.02203762     42.02203762
    625.00000000     42.12014849     42.12014849
    626.00000000     42.21809951     42.21809951
    627.00000000     42.31589100     42.31589100
    628.00000000     42.41352324     42.41352324
    629.00000000     42.51099654     42.51099654
    630.00000000     42.60831121     42.60831121
    631.00000000     42.70546754     42.70546754
    632.00000000     42.80246584     42.80246584
    633.00000000     42.89930640     42.89930640
    634.00000000     42.99598953     42.99598953
    635.00000000     43.09251551     43.09251551
    636.00000000     43.18888465     43.18888465
    637.00000000     43.28509724     43.28509724
    638.00000000     43.38115358     43.38115358
    639.00000000     43.47705396     43.47705396
    640.00000000     43.57279868     43.57279868
    641.00000000     43.66838803     43.66838803
    642.00000000     43.76382230     43.76382230
    643.00000000     43.85910178     43.85910178
    644.00000000     43.95422677     43.95422677
    645.00000000     44.04919754     44.04919754
    646.00000000     44.14401440     44.14401440
    647.00000000     44.23867763     44.23867763
    648.00000000     44.33318752     44.33318752
    649.00000000     44.42754436     44.42754436
    650.00000000     44.52174842     44.52174842
    651.00000000     44.61580000     44.61580000
    652.00000000     44.70969938     44.70969938
    653.00000000     44.80344685     44.80344685
    654.00000000     44.89704268     44.89704268
    655.00000000     44.99048717     44.99048717
    656.00000000     45.08378059     45.08378059
    657.00000000     45.17692322     45.17692322
    658.00000000     45.26991534     45.26991534
    659.00000000     45.36275724     45.36275724
    660.00000000     45.45544918     45.45544918
    661.00000000     45.54799146     45.54799146
    662.00000000     45.64038435     45.64038435
    663.00000000     45.73262812     45.73262812
    664.00000000     45.82472304     45.82472304
    665.00000000     45.91666941     45.91666941
    666.00000000     46.00846748     46.00846748
    667.00000000     46.10011754     46.10011754
    668.00000000     46.19161985     46.19161985
    669.00000000     46.28297469     46.28297469
    670.00000000     46.37418234     46.37418234
    671.00000000     46.46524305     46.46524305
    672.00000000     46.55615711     46.55615711
    673.00000000     46.64692478     46.64692478
    674.00000000     46.73754633     46.73754633
    675.00000000     46.82802203     46.82802203
    676.00000000     46.91835214     46.91835214
    677.00000000     47.00853694     47.00853694
    678.00000000     47.09857670     47.09857669
    679.00000000     47.18847166     47.18847166
    680.00000000     47.27822211     47.27822211
    681.00000000     47.36782830     47.36782830
    682.00000000     47.45729051     47.45729051
    683.00000000     47.54660898     47.54660898
    684.00000000     47.63578399     47.63578399
    685.00000000     47.72481580     47.72481580
    686.00000000     47.81370466     47.81370466
    687.00000000     47.90245084     47.90245084
    688.00000000     47.99105460     47.99105460
    689.00000000     48.07951619     48.07951619
    690.00000000     48.16783588     48.16783588
    691.00000000     48.25601392     48.25601393
    692.00000000     48.34405058     48.34405058
    693.00000000     48.43194610     48.43194610
    694.00000000     48.51970074     48.51970074
    695.00000000     48.60731476     48.60731476
    696.00000000     48.69478841     48.69478841
    697.00000000     48.78212195     48.78212195
    698.00000000     48.86931563     48.86931563
    699.00000000     48.95636970     48.95636970
    700.00000000     49.04328442     49.04328442
    701.00000000     49.13006003     49.13006004
    702.00000000     49.21669680     49.21669680
    703.00000000     49.30319496     49.30319496
    704.00000000     49.38955476     49.38955476
    705.00000000     49.47577647     49.47577647
    706.00000000     49.56186032     49.56186032
    707.00000000     49.64780656     49.64780656
    708.00000000     49.73361545     49.73361545
    709.00000000     49.81928722     49.81928722
    710.00000000     49.90482213     49.90482213
    711.00000000     49.99022041     49.99022041
    712.00000000     50.07548232     50.07548232
    713.00000000     50.16060810     50.16060810
    714.00000000     50.24559799     50.24559799
    715.00000000     50.33045224     50.33045224
    716.00000000     50.41517108     50.41517108
    717.00000000     50.49975476     50.49975476
    718.00000000     50.58420353     50.58420353
    719.00000000     50.66851762     50.66851762
    720.00000000     50.75269727     50.75269727
    721.00000000     50.83674272     50.83674272
    722.00000000     50.92065422     50.92065422
    723.00000000     51.00443199     51.00443199
    724.00000000     51.08807629     51.08807629
    725.00000000     51.17158734     51.17158734
    726.00000000     51.25496538     51.25496538
    727.00000000     51.33821065     51.33821065
    728.00000000     51.42132339     51.42132339
    729.00000000     51.50430383     51.50430383
    730.00000000     51.58715220     51.58715220
    731.00000000     51.66986874     51.66986874
    732.00000000     51.75245368     51.75245368
    733.00000000     51.83490726     51.83490726
    734.00000000     51.91722970     51.91722970
    735.00000000     51.99942125     51.99942125
    736.00000000     52.08148212     52.08148212
    737.00000000     52.16341256     52.16341256
    738.00000000     52.24521279     52.24521279
    739.00000000     52.32688304     52.32688304
    740.00000000     52.40842355     52.40842355
    741.00000000     52.48983453     52.48983453
    742.00000000     52.57111622     52.57111622
    743.00000000     52.65226885     52.65226885
    744.00000000     52.73329264     52.73329264
    745.00000000     52.81418782     52.81418782
    746.00000000     52.89495462     52.89495462
    747.00000000     52.97559325     52.97559325
    748.00000000     53.05610396     53.05610396
    749.00000000     53.13648695     53.13648695
    750.00000000     53.21674245     53.21674245
    751.00000000     53.29687070     53.29687070
    752.00000000     53.37687191     53.37687191
    753.00000000     53.45674629     53.45674629
    754.00000000     53.53649409     53.53649409
    755.00000000     53.61611551     53.61611551
    756.00000000     53.69561078     53.69561078
    757.00000000     53.77498011     53.77498011
    758.00000000     53.85422374     53.85422374
    759.00000000     53.93334187     53.93334187
    760.00000000     54.01233472     54.01233472
    761.00000000     54.09120253     54.09120253
    762.00000000     54.16994549     54.16994549
    763.00000000     54.24856383     54.24856383
    764.00000000     54.32705777     54.32705777
    765.00000000     54.40542753     54.40542753
    766.00000000     54.48367331     54.48367331
    767.00000000     54.56179534     54.56179534
    768.00000000     54.63979382     54.63979382
    769.00000000     54.71766898     54.71766898
    770.00000000     54.79542103     54.79542103
    771.00000000     54.87305018     54.87305018
    772.00000000     54.95055664     54.95055664
    773.00000000     55.02794063     55.02794063
    774.00000000     55.10520236     55.10520236
    775.00000000     55.18234204     55.18234204
    776.00000000     55.25935988     55.25935988
    777.00000000     55.33625609     55.33625609
    778.00000000     55.41303089     55.41303089
    779.00000000     55.48968448     55.48968448
    780.00000000     55.56621707     55.56621707
    781.00000000     55.64262887     55.64262887
    782.00000000     55.71892009     55.71892009
    783.00000000     55.79509093     55.79509093
    784.00000000     55.87114161     55.87114161
    785.00000000     55.94707233     55.94707233
    786.00000000     56.02288329     56.02288329
    787.00000000     56.09857471     56.09857471
    788.00000000     56.17414679     56.17414679
    789.00000000     56.24959973     56.24959973
    790.00000000     56.32493374     56.32493374
    791.00000000     56.40014903     56.40014903
    792.00000000     56.47524579     56.47524579
    793.00000000     56.55022422     56.55022422
    794.00000000     56.62508455     56.62508455
    795.00000000     56.69982695     56.69982695
    796.00000000     56.77445165     56.77445165
    797.00000000     56.84895883     56.84895883
    798.00000000     56.92334870     56.92334870
    799.00000000     56.99762146     56.99762146
    800.00000000     57.07177731     57.07177731
    801.00000000     57.14581645     57.14581645
    802.00000000     57.21973909     57.21973909
    803.00000000     57.29354541     57.29354541
    804.00000000     57.36723561     57.36723561
    805.00000000     57.44080990     57.44080990
    806.00000000     57.51426848     57.51426848
    807.00000000     57.58761153     57.58761153
    808.00000000     57.66083926     57.66083926
    809.00000000     57.73395186     57.73395186
    810.00000000     57.80694954     57.80694954
    811.00000000     57.87983247     57.87983247
    812.00000000     57.95260087     57.95260087
    813.00000000     58.02525492     58.02525492
    814.00000000     58.09779481     58.09779481
    815.00000000     58.17022075     58.17022075
    816.00000000     58.24253293     58.24253293
    817.00000000     58.31473153     58.31473153
    818.00000000     58.38681675     58.38681675
    819.00000000     58.45878879     58.45878879
    820.00000000     58.53064783     58.53064783
    821.00000000     58.60239407     58.60239407
    822.00000000     58.67402769     58.67402769
    823.00000000     58.74554889     58.74554889
    824.00000000     58.81695786     58.81695786
    825.00000000     58.88825479     58.88825479
    826.00000000     58.95943986     58.95943986
    827.00000000     59.03051327     59.03051327
    828.00000000     59.10147520     59.10147520
    829.00000000     59.17232585     59.17232585
    830.00000000     59.24306539     59.24306539
    831.00000000     59.31369402     59.31369402
    832.00000000     59.38421193     59.38421193
    833.00000000     59.45461930     59.45461930
    834.00000000     59.52491631     59.52491631
    835.00000000     59.59510316     59.59510316
    836.00000000     59.66518002     59.66518002
    837.00000000     59.73514709     59.73514709
    838.00000000     59.80500454     59.80500454
    839.00000000     59.87475256     59.87475256
    840.00000000     59.94439135     59.94439135
    841.00000000     60.01392106     60.01392106
    842.00000000     60.08334191     60.08334191
    843.00000000     60.15265405     60.15265405
    844.00000000     60.22185768     60.22185768
    845.00000000     60.29095298     60.29095298
    846.00000000     60.35994014     60.35994014
    847.00000000     60.42881932     60.42881932
    848.00000000     60.49759071     60.49759071
    849.00000000     60.56625450     60.56625450
    850.00000000     60.63481086     60.63481086
    851.00000000     60.70325997     60.70325997
    852.00000000     60.77160201     60.77160201
    853.00000000     60.83983716     60.83983716
    854.00000000     60.90796560     60.90796560
    855.00000000     60.97598751     60.97598751
    856.00000000     61.04390306     61.04390306
    857.00000000     61.11171244     61.11171244
    858.00000000     61.17941581     61.17941581
    859.00000000     61.24701336     61.24701336
    860.00000000     61.31450526     61.31450526
    861.00000000     61.38189169     61.38189169
    862.00000000     61.44917282     61.44917282
    863.00000000     61.51634883     61.51634883
    864.00000000     61.58341990     61.58341990
    865.00000000     61.65038619     61.65038619
    866.00000000     61.71724789     61.71724789
    867.00000000     61.78400516     61.78400516
    868.00000000     61.85065818     61.85065818
    869.00000000     61.91720713     61.91720713
    870.00000000     61.98365217     61.98365217
    871.00000000     62.04999348     62.04999348
    872.00000000     62.11623123     62.11623123
    873.00000000     62.18236559     62.18236559
    874.00000000     62.24839673     62.24839673
    875.00000000     62.31432483     62.31432483
    876.00000000     62.38015005     62.38015005
    877.00000000     62.44587257     62.44587257
    878.00000000     62.51149256     62.51149256
    879.00000000     62.57701017     62.57701017
    880.00000000     62.64242560     62.64242560
    881.00000000     62.70773899     62.70773899
    882.00000000     62.77295053     62.77295053
    883.00000000     62.83806038     62.83806038
    884.00000000     62.90306870     62.90306870
    885.00000000     62.96797567     62.96797567
    886.00000000     63.03278146     63.03278146
    887.00000000     63.09748622     63.09748622
    888.00000000     63.16209013     63.16209013
    889.00000000     63.22659335     63.22659335
    890.00000000     63.29099605     63.29099605
    891.00000000     63.35529839     63.35529839
    892.00000000     63.41950055     63.41950055
    893.00000000     63.48360267     63.48360268
    894.00000000     63.54760494     63.54760494
    895.00000000     63.61150751     63.61150751
    896.00000000     63.67531055     63.67531055
    897.00000000     63.73901422     63.73901422
    898.00000000     63.80261868     63.80261868
    899.00000000     63.86612410     63.86612410
    900.00000000     63.92953064     63.92953064
    901.00000000     63.99283846     63.99283846
    902.00000000     64.05604772     64.05604772
    903.00000000     64.11915859     64.11915859
    904.00000000     64.18217123     64.18217123
    905.00000000     64.24508580     64.24508579
    906.00000000     64.30790245     64.30790245
    907.00000000     64.37062135     64.37062135
    908.00000000     64.43324267     64.43324267
    909.00000000     64.49576655     64.49576655
    910.00000000     64.55819316     64.55819316
    911.00000000     64.62052266     64.62052266
    912.00000000     64.68275521     64.68275521
    913.00000000     64.74489096     64.74489096
    914.00000000     64.80693008     64.80693008
    915.00000000     64.86887272     64.86887272
    916.00000000     64.93071903     64.93071903
    917.00000000     64.99246919     64.99246919
    918.00000000     65.05412333     65.05412333
    919.00000000     65.11568163     65.11568163
    920.00000000     65.17714423     65.17714423
    921.00000000     65.23851130     65.23851130
    922.00000000     65.29978299     65.29978299
    923.00000000     65.36095945     65.36095945
    924.00000000     65.42204083     65.42204083
    925.00000000     65.48302731     65.48302731
    926.00000000     65.54391902     65.54391902
    927.00000000     65.60471612     65.60471612
    928.00000000     65.66541877     65.66541877
    929.00000000     65.72602712     65.72602712
    930.00000000     65.78654133     65.78654133
    931.00000000     65.84696154     65.84696154
    932.00000000     65.90728792     65.90728792
    933.00000000     65.96752060     65.96752060
    934.00000000     66.02765975     66.02765975
    935.00000000     66.08770552     66.08770552
    936.00000000     66.14765805     66.14765805
    937.00000000     66.20751751     66.20751751
    938.00000000     66.26728403     66.26728403
    939.00000000     66.32695778     66.32695778
    940.00000000     66.38653890     66.38653890
    941.00000000     66.44602754     66.44602754
    942.00000000     66.50542385     66.50542385
    943.00000000     66.56472799     66.56472799
    944.00000000     66.62394010     66.62394010
    945.00000000     66.68306032     66.68306032
    946.00000000     66.74208882     66.74208882
    947.00000000     66.80102573     66.80102573
    948.00000000     66.85987121     66.85987121
    949.00000000     66.91862540     66.91862540
    950.00000000     66.97728845     66.97728845
    951.00000000     67.03586051     67.03586051
    952.00000000     67.09434172     67.09434173
    953.00000000     67.15273224     67.15273224
    954.00000000     67.21103221     67.21103221
    955.00000000     67.26924177     67.26924177
    956.00000000     67.32736108     67.32736108
    957.00000000     67.38539027     67.38539027
    958.00000000     67.44332949     67.44332949
    959.00000000     67.50117889     67.50117889
    960.00000000     67.55893861     67.55893861
    961.00000000     67.61660880     67.61660880
    962.00000000     67.67418959     67.67418959
    963.00000000     67.73168115     67.73168115
    964.00000000     67.78908360     67.78908360
    965.00000000     67.84639710     67.84639710
    966.00000000     67.90362178     67.90362178
    967.00000000     67.96075779     67.96075779
    968.00000000     68.01780527     68.01780527
    969.00000000     68.07476437     68.07476437
    970.00000000     68.13163522     68.13163522
    971.00000000     68.18841797     68.18841797
    972.00000000     68.24511276     68.24511276
    973.00000000     68.30171972     68.30171972
    974.00000000     68.35823902     68.35823902
    975.00000000     68.41467077     68.41467077
    976.00000000     68.47101513     68.47101513
    977.00000000     68.52727223     68.52727223
    978.00000000     68.58344222     68.58344222
    979.00000000     68.63952523     68.63952523
    980.00000000     68.69552140     68.69552140
    981.00000000     68.72998252     68.72998252
    982.00000000     68.78512032     68.78512032
    983.00000000     68.85266412     68.85266412
    984.00000000     68.92765152     68.92765152
    985.00000000     69.00710509     69.00710509
    986.00000000     69.08923835     69.08923835
    987.00000000     69.17297942     69.17297942
    988.00000000     69.25768519     69.25768519
    989.00000000     69.34296978     69.34296978
    990.00000000     69.42860165     69.42860165
    991.00000000     69.51444190     69.51444190
    992.00000000     69.60040717     69.60040717
    993.00000000     69.68644745     69.68644745
    994.00000000     69.77253275     69.77253275
    995.00000000     69.85864505     69.85864505
    996.00000000     69.94477355     69.94477355
    997.00000000     70.03091177     70.03091177
    998.00000000     70.11705583     70.11705583
    999.00000000     70.20320338     70.20320338
   1000.00000000     70.28935304     70.28935304
